ExtinctionRates
0.542099	0.311031	0.5236569
0.4485064	0.2635644	0.191379	0.4561304	0.6429169	0.5825799
0.2278751	0.5423836	0.4686274	0.2822328	0.4256097
0.4407696	0.2959776	0.5472237	0.4257507	0.3383327
0.4247801	0.2514092	0.3807956	0.4517779	0.6372827	0.1613557
0.3957133	0.2465829	0.2136414
0.4921667	0.2211507	0.4137157	0.1948143	0.4484381
0.5590117	0.3638351	0.6630458	0.3994462
0.6104361	0.2371652	0.4277318	0.668346
0.7779404	0.5256228	0.4106202	0.4867204
0.4498298	0.423783	0.6495743
0.5420564	0.4737488	0.4356149
0.1815024	0.3771169	0.4167856	0.4269558	0.5711826
0.3638173	0.2855868	0.5705674
0.2308989	0.2759033	0.4727069	0.6043361
0.4466239	0.3324406	0.5537931
0.628714	0.4422081	0.6097429
0.5399962	0.3403227
0.2115315	0.3493344	0.4860669
0.592244	0.4094381	0.4423766	0.3704321
0.2720952
0.6210888	0.2192748	0.3778962	0.4290366	0.3544066
0.7165335	0.1941404
0.6912646	0.6774004	0.2359952	0.5059052
0.483633	0.2922467
0.5174304	0.4761524
0.4612718
0.537135	0.3885947
0.5137915	0.3633423	0.4268659	0.5597669
0.4541128	0.3160534
0.4985886	0.4862319	0.6806681	0.5469781
0.5890924	0.428274	0.4088772	0.4942206	0.3720413
0.5757328	0.4420615	0.3646992
0.3927643	0.3909041	0.4009672	0.6798912
0.3233814	0.3733752	0.4714389
0.4866662	0.2984524
0.5249695	0.1538588	0.5067991	0.6932086
0.641064	0.175473	0.7771167	0.5188796	0.4548369	0.5486164
0.3980177	0.3042616	0.5662185	0.4918196
0.5077374	0.3034434	0.4700548	0.1743758
0.6733156	0.1797975	0.5512576	0.4003925	0.548665	0.6947315
0.5068009	0.296031
0.3822856	0.2611053	0.2311903
0.2309543	0.2870578	0.3522777
0.3943668
0.4726924	0.4266091
0.1170957	0.518478	0.4562925
0.3894117
0.3026771	0.2728863
0.4141221	0.2451455	0.4507949	0.2576768	0.5069832
0.517743	0.3818938	0.6910178	0.5560035	0.4463996
0.6311985	0.2909399
0.5259251	0.3894757	0.3802367
0.47712	0.3538465	0.5675728
0.4027097	0.3936411	0.2138509	0.5469885
0.3993384	0.288254	0.4678966	0.5365797
0.3948625	0.4037475	0.5307982	0.4950227
0.3529834
0.4732329	0.3925454
0.4553434
0.426402
0.4750378	0.3634234	0.3675647	0.4813271	0.75754
0.4630579	0.3489044
0.3492475	0.2741338	0.4760176	0.4320725	0.6883403
0.4465981	0.3872533
0.4509041	0.2745252
0.4642119	0.4324539
0.5550388	0.4215858	0.3396642	0.4524452	0.6635142	0.46313
0.5072279	0.3871671	0.6720594
0.3747878
0.420664	0.4051689
0.4234995	0.3550505	0.482687
0.5456549	0.3267626	0.2845211
0.6761572	0.3456551	0.4814288	0.3012516	0.7532068	0.3755139	0.691373
0.4327883	0.4039789
0.5285898	0.3278452
0.46511	0.3251917	0.3823124
0.5356545	0.3925485
0.5370442	0.3864961	0.5515971	0.5468507
0.4512666	0.3066665
0.5099863	0.5054627
0.3767911	0.5737811	0.3011846	0.5414525
0.5193062	0.5323563	0.427672
0.508557	0.472172	0.4035017
0.4690075	0.3349899	0.547327	0.3870105	0.4401044	0.4967179
0.8167822	0.4546175	0.2311679	0.6692055
0.368686	0.2268908
0.507902	0.2699195	0.4641801	0.5500532
0.5222029	0.3826114	0.2217604
0.5869062	0.320007
0.5155563	0.368218	0.5724295	0.2221837
0.5507323	0.3981008
0.5449784	0.3032821	0.6583093	0.3871029	0.5276143
0.3772497	0.4431868	0.51247	0.5936362	0.5502711	0.5553587
0.5374893
0.6004308
0.5515035
0.4655339	0.6425796	0.6270193
0.6626825
0.5434716	0.5182947	0.3437614
0.55669	0.5067532	0.323911
0.5051182
0.4483572
0.3422412	0.5634673	0.3111925	0.4971175
0.3267719	0.4943717	0.5943441	0.4759341
0.2441695	0.6369785	0.5254213	0.3335689	0.1640511
0.3709267	0.7211675	0.6208659	0.4487534	0.548703
0.6327876	0.4240782	0.6205532
0.571575	0.4340335	0.6691914
0.6024625	0.3805133	0.3076359
0.443244	0.4547712	0.3834496	0.5311061	0.523552	0.2568157	0.5975275	0.5248489
0.5067473	0.2840009	0.5432762	0.481562	0.3071891
0.459429	0.320359	0.2719017	0.5493876	0.7049327
0.4746859	0.3420585	0.5063033	0.3358547
0.7124166	0.3752658	0.5454313
0.564763	0.3591208
0.5115171	0.3565143	0.6008969
0.6043991	0.3098535	0.4977487
0.4123333
0.3391309	0.4109966	0.4184822
0.4284392	0.4390553
0.3157722	0.4539289	0.480539	0.5284568
0.351217	0.5214729
0.3647625	0.408038
0.3313533	0.4489124	0.3823552	0.3288798
0.5266457	0.4208405
0.4365614
0.9005576	0.4361411	0.3915843	0.5786382	0.5140679
0.435331	0.729929	0.4474114
0.6979391	0.4026643	0.2464036	0.4867703	0.4532464
0.2471933	0.3834648
0.294235
0.3361088	0.3497449
0.5539135	0.2668993	0.6738365	0.4341458
0.3958433	0.335011
0.5256855	0.2137206
0.5721418	0.2878184	0.5253533	0.3609242
0.4126103	0.2411098	0.6095724	0.4860118
0.3058539	0.2789242	0.6469856	0.3279487
0.4973392	0.2568757	0.4992643
0.2709266	0.2065349	0.3626196
0.4217059	0.3604701	0.4288648
0.6510431	0.3364728
0.3856052	0.2839004	0.4885183
0.5264381	0.3306204	0.3237728	0.5083153	0.6003667	0.5347231
0.5399199	0.3210698
0.2576226	0.3647563
0.3710779
0.5166428	0.296937
0.3996643	0.3478985
0.497598	0.3528928
0.3438459
0.2454299
0.222251
0.5164338	0.2312866
0.3694462
0.5877268	0.3963614	0.7057407
0.3075417	0.3225447	0.3803087	0.3013656
0.3013034	0.2872209	0.5828857
0.2674442
0.3135534	0.3296489
0.3150008	0.4309174
0.2295958	0.4360225	0.4028121	0.4500446
0.3959313	0.3443304	0.2936973	0.4388572	0.3534657
0.5988908	0.3639411	0.3326635	0.4706072	0.3144735
0.5274232	0.5657175	0.3945683	0.2044424	0.3349377
0.553413	0.3407973
0.4961964
0.4864011	0.3513695
0.6257534	0.4538014	0.3165223
0.6087601	0.492807	0.4114239	0.2923093
0.58231	0.4489952	0.5979865
0.4887193
0.4302019	0.6846453	0.7006796	0.3452669	0.3030173
0.4493161	0.3964613	0.5418035
0.4246129	0.6331442	0.3970689
0.6185938	0.4703449
0.518153	0.4269552	0.7355356	0.3730035	0.5587214	0.6454966
0.5453117	0.6253383	0.4058627
0.282385	0.4524965	0.6643871
0.5822104	0.4317595	0.3813613
0.6098319	0.4528139
0.7172303	0.4283027
0.5802032
0.5939129
0.5762832	0.5247586
0.4687046	0.6520716	0.4408464	0.4340656
0.6565411	0.4178241	0.6691209	0.4408024	0.2878853
0.5771518	0.3750447
0.5816547	0.5420474	0.2863094
0.6555286	0.4180496	0.574203	0.6353583	0.268693	0.5403528	0.6105908
0.368892	0.2896669	0.6453321	0.4215857	0.5049428	0.4565019
0.3798766	0.6927449	0.2343825	0.5271581	0.3277659
0.517055	0.42716
0.3501777	0.5115405	0.3303157
0.449944
0.3484726	0.5425814
0.4614155	0.5627476
0.5215803	0.4515341	0.4196641	0.5541447
0.4241852	0.5366718	0.4139873	0.1710084	0.5202566
0.7013361	0.5724036
0.5361945	0.4470376
0.5743342	0.4292265	0.4856002	0.4497411
0.726849	0.5184763
0.5473472	0.437824	0.4109822
0.4928473	0.4149736	0.5634912
0.4890321	0.4370705	0.2967828	0.5566973	0.3282921
0.2781851	0.4552938	0.4739351
0.3656925	0.6263838	0.374192	0.4993721	0.482865
0.619248	0.4692644	0.4864846	0.2500602	0.4259922	0.5473997
0.4438516	0.6235305	0.5080895	0.5945033
0.3906972	0.4197087	0.4397029	0.4522012	0.4723101
0.4390136
0.6274899	0.512913
0.5197134
0.3601643	0.5415478	0.3648718
0.2003263	0.5782112	0.4317475
0.5237689	0.4441254
0.4092924	0.5112579	0.3521808
0.6380006	0.5025929	0.5610145	0.4248075
0.2517053	0.4590517	0.4118376
0.5524349	0.4982113	0.5547479
0.5002486	0.4417536
0.4177092
0.2132615	0.3150382	0.4155255
0.3628218
0.3949546	0.2854374	0.4098091	0.4366823
0.4426297	0.4509111	0.3529058
0.397973
0.3434759	0.3661484	0.5659238	0.643006
0.4548579	0.628478	0.4605832	0.5404144	0.3561115
0.6306533	0.444612
0.7816943
0.511337	0.6441089	0.4659328
0.7134886	0.6572722	0.3888924	0.5087699	0.4550111
0.5577331	0.5794261	0.4707192	0.5604948
0.516122	0.2349414	0.4876693
0.382758	0.1393624	0.5093247
0.4776229	0.1329062
0.5264215	0.02075432
0.4868991	0.09193365
0.5182987	0.336727	0.5219359
0.3941818	0.2359294	0.487247	0.5718296
0.4100505	0.3791986	0.4861007	0.5733992
0.5346582	0.1932462	0.7226057	0.5378098	0.5450668
0.5162546	0.1320293
0.3286973	0.1219743	0.7332043	0.3447576	0.368378
0.5732352	0.1845116	0.6102747	0.08076375	0.4648989	0.418154	0.417111
0.4830101	0.2871023	0.5833764	0.5011876
0.5324723	0.3053248	0.5680314
0.5839681	0.333433	0.6560884
0.564646	0.4109495	0.591365
0.5559305	0.2836465	0.5451784
0.5121449	0.07516471	0.4580486
0.6136091	0.1952369	0.5054892	0.2413254	0.5639902
0.4524226	0.1670815	0.5975879	0.4874844	0.409286
0.4163472	0.217164	0.5118832	0.5178796
0.3305624	0.2327271	0.6375975	0.2709767	0.5190337
0.6357052	0.2490446	0.520873
0.4782407	0.3238453	0.5666111	0.423568	0.6018872	0.4411231
0.4726011	0.1933066	0.6382659
0.4923986	0.3476184	0.7313348
0.5284948	0.3081709	0.6918275	0.3803148
0.6480054	0.278552
0.6104217	0.3976586
0.5198491	0.1753794
0.3954021	0.1818541	0.5522872
0.3138321	0.531855	0.3711817
0.6261219	0.6627981	0.2186623	0.3756493
0.6044671	0.3718508
0.5582511	0.310732	0.5412985
0.6033534	0.2305555
0.3208689	0.3344287	0.5615189	0.5947928
0.4894253	0.3347045	0.5878404	0.2886196	0.5512234	0.2824019
0.553965	0.2988328	0.5813481
0.708254	0.2620629	0.6115884	0.5372187	0.2729025
0.447682	0.1372723	0.4847115	0.6837112	0.571572	0.3930819
0.5069134	0.2277456	0.5586488	0.4390465
0.4714141	0.2441665	0.6180325	0.5418686	0.6048504
0.5160334	0.2594295	0.5307375	0.486796	0.6530483	0.6473107
0.3929458	0.1809763	0.6222075	0.5073729
0.338969	0.1010435	0.7034462	0.4171605	0.6325346	0.4899867
0.3031322	0.7863412	0.2324968
0.377395	0.3196022	0.7042363	0.4786758	0.3214291	0.4442889
0.4306176	0.3368016	0.5867923
0.4890861	0.3111331	0.4673621	0.3026614	0.3355135
0.4859544	0.2112769	0.5977683	0.3798043	0.6164084
0.5170957	0.2984782
0.3561086	0.2429059	0.6567959	0.4659404	0.4615528
0.3601948	0.2543624	0.5375077	0.4773779
0.5594411	0.1786399	0.5259918	0.4505515	0.3793386
0.5489421	0.3550397
0.5883908	0.1939074	0.5150029	0.4651391
0.5117071	0.3011409
0.5078455	0.1066138
0.6194734	0.1770361	0.5152314	0.4695333
0.4865923	0.1877613	0.5486493
0.4430565	0.1175896	0.6437274	0.3622109	0.5632011	0.5023467
0.5179937	0.6692441	0.19048	0.4174584	0.3447933	0.6908667
0.4457981	0.1635676	0.4545348
0.2766218	0.1338617	0.5028559	0.638812	0.7237502
0.6654653	0.06240498	0.4504944	0.4977129	0.6082576
0.3299223	0.1412452	0.5740501	0.384255
0.4670398
0.4765731	0.514126	0.5448902	0.5175313
0.561269	0.5351619	0.2326236
0.4453965	0.3634553	0.2639971	0.3270278	0.4072617
0.5197	0.6470669	0.3989468	0.2664277
0.456832	0.6577343	0.3828512	0.4108753
0.4723794
0.4369393	0.2602452	0.4141306	0.4986653	0.4351664
0.4644689	0.3757563	0.4953971
0.716816	0.5022081	0.2796305	0.5429217	0.3722169
0.4480021	0.4811506
0.3596855	0.3999614	0.571631	0.4864409
0.4073873
0.6034465	0.4610852
0.2629968	0.4751499
0.4779305
0.2705726	0.4997675	0.3979533	0.4201036
0.3823366	0.3934437
0.4708145	0.3721475	0.3636819
0.4747612	0.5286194	0.487354	0.4040017
0.3861182	0.5565317	0.4408527
0.4385746
0.7597671	0.4959893	0.630524	0.5090868	0.6597921
0.6072947	0.6104756	0.5553149	0.1875583
0.4649939	0.3585901	0.5559658	0.4753071
0.4996567	0.1324123	0.5352722
0.4998516	0.2170614
0.3450466	0.2070241	0.6453944	0.3340275	0.503233
0.4067951	0.2441899	0.473248	0.6154302
0.5223044	0.2088078	0.6271451	0.2675329
0.608638	0.3546677
0.2575693	0.7063344	0.7084801
0.1355292	0.6144992	0.2664241	0.6650002
0.4755978	0.3378813	0.6542813	0.5370579	0.04350772
0.5404898	0.4047901	0.7000415	0.5914283
0.5537055	0.3299964
0.7265253	0.3891371
0.5305098	0.4972626	0.6767247	0.6641563
0.441621	0.3804228	0.668752
0.4717793	0.6050686	0.6431148	0.5718301	0.4272363
0.5288484	0.2936682	0.6476313
0.5834387	0.09010291	0.5744848	0.5172384
0.4890425	0.2475241
0.3265081	0.4686462	0.4394829	0.1937754	0.3023694	0.5954805	0.4206533	0.484767	0.4198151
0.5019811
0.3267178	0.4520402
0.4167311	0.4958885	0.56799
0.5428108	0.3838574
0.513901	0.5478828	0.585374
0.2527364	0.49938	0.5113253	0.4703112
0.4204313	0.5981913	0.466065
0.4014051	0.4525896
0.4307177	0.4039129	0.3906973
0.406782	0.3710877
0.4082423
0.4509241	0.4922727
0.4546805	0.3446182	0.4491767	0.5248458	0.4027776
0.3170213	0.4997151	0.3277339
0.5067253	0.1226295
0.4614367	0.4078654	0.248205
0.3983206	0.8360987	0.397584
0.3925757	0.4255047
0.5863118	0.346005	0.3742845
0.5055793	0.4503267
0.477694
0.4839692	0.4751849
0.2307406	0.4736912	0.4347221	0.3746206
0.2770852	0.4145355
0.4230167
0.4212392	0.4297838	0.476728
0.4015703	0.4727384
0.479054	0.6599655	0.3849931	0.3950276
0.6159487	0.4656079	0.3472487	0.5248733
0.4193708	0.5390008	0.2735991	0.414231	0.5409895
0.2293394	0.6424461	0.4765938	0.3175179	0.3317065	0.3879361
0.360187	0.2156516	0.4852017	0.5034897	0.6245409	0.2175854
0.4907063	0.6627188	0.3413988
0.5569207	0.254335	0.5872417
0.4946638	0.3194934	0.5708795
0.4390268	0.1701458	0.4753833	0.5528885	0.3809213	0.5857357
0.4379715	0.2251572	0.4726346	0.5723833	0.3847012	0.2071892
0.6223947	0.2222184	0.5159013
0.4214371	0.229355	0.5751756	0.4426307	0.4754359
0.4947415	0.1028895	0.4980309
0.5768825	0.1219409	0.5309124	0.4067521	0.3882804
0.5237677	0.1996517	0.5352431	0.4821316
0.498695	0.3272485
0.2823851	0.1005269	0.4903898	0.499437	0.3913773	0.4409459	0.552372
0.416381	0.08534332	0.4536392
0.5077138	0.2352547
0.5105767	0.3539977
0.5627394	0.3515669
0.6175373	0.1620948
0.4466112	0.4323935	0.6956663	0.6540639
0.5824983	0.4076046	0.6105965
0.5976131	0.5326231	0.5695379	0.3814686
0.5854507	0.3946226
0.7590373	0.3906108	0.5894765	0.6437167
0.4629347	0.285806	0.5911394
0.6349356	0.1364368	0.4911695	0.4745304
0.5746904	0.05890087	0.4484435	0.4542825	0.3837793	0.578977	0.4427291	0.4163392
0.4884046	0.17999	0.4678148
0.7682488	0.114872	0.5187794	0.4655846
0.4757787	0.3007855	0.5137249	0.4288059
0.4669897	0.2805968	0.5632983
0.4339812	0.5444902	0.6753439	0.448311
0.5370335	0.604343	0.446331	0.4376811
0.4316422	0.514166
0.4881364	0.4295757
0.3142795	0.4669147	0.6308375	0.4470783
0.4808122	0.4196861	0.3946448
0.6564887	0.5309341	0.3119519	0.42263
0.473833	0.3442284	0.3976741
0.4107912	0.3306616	0.2029143	0.2854819
0.3470245	0.3093721
0.3427701
0.5463485	0.3169527	0.3273161
0.4668264	0.2437429	0.29426
0.5468388	0.2426942	0.5545533	0.4031432
0.5471262	0.4414418	0.1495424	0.4873027	0.447078
0.4650873	0.2843318	0.4479208	0.2779767	0.4398903	0.409994	0.5964297
0.6266032	0.2270896	0.3279925	0.5167494
0.5956788	0.4641413	0.3197153	0.5099321	0.4758708
0.5008498	0.3924267
0.4967794	0.3508542	0.3857386
0.3488484	0.2967083
0.2696589	0.31847
0.3867979	0.3038421	0.1724498
0.5052115	0.2425173	0.3816951	0.357004
0.3000403	0.3084213	0.4674898
0.4823508	0.3242831	0.283328
0.4548503	0.3383719	0.5036545
0.1543491	0.2317715	0.5276727	0.4707505
0.2130949	0.2200536	0.5018467	0.5924159	0.5119249
0.4725203	0.5257982	0.2519595
0.524034	0.5065133	0.3179805
0.2452758	0.3644753	0.578275	0.2573068
0.3416823	0.415687
0.5423432	0.4415578	0.3256187	0.4231154
0.2792447	0.3885331
0.4088817	0.3339103
0.6327894	0.2287587	0.3795982
0.3268049
0.3645983
0.428509	0.4491687	0.1868323
0.4907866	0.4805142	0.3582442	0.5407871	0.1315017	0.3409937
0.3772391
0.4903927	0.3270208
0.4019933	0.2882017	0.4755956
0.3726753	0.3193484
0.3312674
0.4231402
0.5771704	0.3588157	0.4091437	0.5027403
0.1014675	0.4547969
0.1678394	0.476355
0.4933445	0.4161139	0.3291898
0.3576324
0.5525463	0.363557	0.3857584
0.4093784	0.396391	0.3627287
0.7435531	0.3956533	0.6790997
0.4015112	0.3560628
0.5575887	0.3317749	0.4923519	0.4206232
0.2291697	0.3006606	0.5611704	0.4487514
0.424603	0.6460344	0.4554345	0.4528521
0.5207193	0.6586213	0.2582884	0.3707837	0.4504174
0.3660708
0.4888261	0.3510742	0.1852653
0.4485056	0.4293937	0.3889105
0.5312403	0.4145424	0.4975647
0.3271634
0.3818631	0.4805492	0.3839952
0.2363556	0.4410215
0.5876882	0.3385025
0.4846886	0.3411137
0.3077759	0.436036	0.6645657
0.3159975	0.3862061
0.5411177	0.377483
0.505809	0.1918281
0.5790624	0.335511	0.5310537	0.1665559
0.3602292	0.1976748	0.5735112	0.5643684
0.5288313	0.2819196	0.5089107	0.5248318
0.5326696	0.2368494
0.5346835	0.2044582
0.5290232	0.1128663
0.4767718	0.3539943
0.698625	0.8271425	0.3724784	0.4920017
0.4069729	0.3566724	0.5194895	0.3710219
0.5026581
0.4194596	0.3681689
0.5100399	0.5623119	0.4139441	0.470408
0.3711966	0.5026667	0.4489273
0.3832014	0.5724262
0.4107777	0.519199
0.5265261
0.5784854	0.5941163	0.3567571	0.5435114	0.1608953
0.6077814	0.2925135	0.5973312
0.2862365	0.3828372	0.6178546	0.5729085
0.4137204	0.4619207	0.5799666
0.441982	0.2811254	0.5257803	0.5910358
0.3730272	0.4795011	0.737198
0.640621	0.4718803
0.5339386	0.5369433
0.495741	0.5312618	0.6588868	0.5224178	0.7519934
0.4686807	0.4997338	0.542634
0.4671055	0.2119981	0.5720912	0.3375933	0.5814815
0.233655	0.2636182	0.7164285	0.3762701
0.2831687	0.3946064	0.7462885	0.272044
0.4458526	0.3214799	0.7031003	0.4208531
0.4839602	0.7263316	0.4986124
0.5601147	0.2243048
0.6885688	0.4731292
0.6709751	0.4875671	0.6604202	0.6404121
0.5948038	0.3783092
0.5400489	0.2132196
0.4965661	0.1636937
0.4179347	0.1788727	0.5081164	0.4809233	0.371028	0.542959	0.3754915
0.518921	0.2406555	0.5556882
0.4825628	0.1636869	0.6695878	0.3691766	0.3419715
0.6022927	0.5729096	0.2138294	0.4210484
0.1682689	0.1062129	0.4905122
0.1195075	0.1422982	0.5527916	0.3320099	0.3061472
0.3466746	0.5436685	0.4599773	0.5572032	0.2693802
0.2960733	0.1727047	0.4028094	0.588828	0.677491
0.5754091	0.28711
0.4626944	0.3160178	0.5359941
0.5390072	0.1851289
0.4100201	0.2921698	0.5967851
0.693628	0.2877764
0.5992643	0.2049491
0.6594207	0.3271549
0.6892005	0.5012938
0.6771536	0.2567339
0.736704	0.5820266
0.6634334	0.5531637	0.7178734
0.407038	0.7422991	0.5649052	0.4912143
0.6508086	0.7360637	0.6056164	0.4126761	0.7038193	0.5835808
0.4509869	0.6772695	0.1071519	0.4097821
0.6731962	0.4608319	0.5394165
0.5411873	0.6736917	0.4561384
0.4050009	0.7564882	0.2942366
0.5084684	0.7384625	0.5404664
0.6872329
0.7369062	0.5786601
0.7182931
0.7225372	0.3755024	0.5508106
0.1865572	0.7020889	0.4239098
0.5357784	0.5773217	0.6777844
0.4882585	0.7626881	0.6006106
0.5122545	0.7525002	0.4658035	0.4990907
0.5149297	0.7835571	0.6043127	0.503502
0.7125341	0.8165191	0.640701
0.3744067	0.8071762	0.4455963
0.4644734	0.7079769	0.339049
0.6160941	0.2335453	0.1991221
0.4334763	0.7840706	0.5222619
0.5124685	0.4826575
0.4990424	0.4194278	0.4669281	0.3610083
0.5379872	0.4112063	0.4749245
0.2697415	0.5220793
0.5754013	0.4308173	0.2612578
0.3990346	0.3443267	0.2857804
0.2993438
0.497977	0.3374813
0.2210899	0.3318262
0.426869	0.1893132	0.5395099	0.5421553	0.4074783
0.5780213	0.115399	0.4232276
0.506258	0.09252476	0.549146	0.4262536
0.5342777	0.2394177
0.4841868	0.2997632	0.5400993
0.5708425	0.196229
0.3192033	0.2020504	0.5833819
0.5765001	0.2899114	0.6151794
0.5925539	0.3822126
0.5712505	0.4497803	0.5149117	0.5484952	0.4704339
0.6008024	0.3090013	0.5883021	0.7270975	0.4248973
0.6470179	0.2725459
0.6825659	0.6699894	0.60564
0.5991533	0.7060057	0.5846143
0.8345984	0.6867897	0.6131143
0.8124411	0.3767382
0.8159083	0.3731544
0.7082864	0.4756541
0.7057414	0.5626155
0.8029135	0.6565553
0.6744678	0.4756254
0.4554989	0.391739	0.6648992
0.5166644	0.2070429	0.648191
0.6296644	0.4973982	0.6312291
0.7651856	0.3478892	0.5579199
0.5859548	0.4439078	0.5943913
0.5887937	0.3080488	0.7579068	0.3380749	0.5232413
0.5168922	0.3366171	0.6259854	0.5512804
0.4924984	0.6146751	0.6064135
0.5812799	0.2486682
0.5243832	0.3386951	0.5673758	0.5316653
0.778042	0.2559436	0.5505318
0.5917737	0.226677	0.4849507	0.6134871	0.5506425
0.5750398	0.2655122
0.6045997	0.3542251
0.6643265	0.2873049	0.6369518	0.5361688
0.5870686	0.4695411
0.5594097
0.5061244	0.4106983	0.6322036
0.2584622	0.4674684	0.6184414
0.457279	0.4578741	0.4993271
0.3912035	0.3089852	0.273135	0.5342283
0.3151996	0.3857053
0.3549598
0.4254042
0.4700704	0.3484881	0.3901458
0.5692118	0.3419994
0.2456569	0.3471613
0.2928433	0.4015248
0.2853805	0.4069476	0.3729509
0.1744896	0.3167458	0.5383765
0.1329733	0.3731012
0.3220561
0.3604723	0.3586509
0.3258007
0.381033
0.7094246	0.4434812
0.6464523	0.4462766	0.5769324	0.464818
0.4470078	0.492578	0.6813399
0.5410909	0.5176857
0.4512988
0.4114021	0.4926921	0.4173518
0.5235813
0.511767
0.6511666	0.4474698	0.5681375
0.6058259	0.3326201
0.5098661
0.4296182	0.4117933	0.6405214	0.6327966	0.5060984
0.3373739	0.7378842	0.49091	0.5990317
0.3654849	0.2542468	0.6763272	0.5488706
0.4227413	0.3737036	0.575257
0.4546091	0.400784	0.54138	0.5270691
0.5646359	0.3232821
0.4738848	0.3505443	0.5613868	0.659349
0.2561147	0.3892346	0.787421	0.4915663	0.5432442
0.563832	0.7523155	0.4710185	0.3443147	0.5070157	0.2862014	0.4455319
0.6074808	0.4494674
0.7852789	0.1585688	0.5923472	0.4552063
0.5460365	0.340462
0.3521548	0.27347	0.5173418	0.5165134
0.5087136	0.1316549
0.3551731	0.3424603	0.5928462	0.576048
0.4575127	0.3595	0.6135671	0.6119272	0.409971
0.6556014	0.4295588
0.5709619	0.2457695	0.5185207
0.6331689	0.2496825	0.530014	0.4434508
0.5580179	0.2053372	0.5096948
0.3534347	0.3794967	0.597814
0.2974286	0.3888442	0.6153092
0.6231745
0.6568655	0.4230465	0.6085622
0.4252239	0.4665994	0.5583206
0.4574006
0.3584637	0.4968056	0.6620062	0.3501953
0.3595177	0.4278333	0.4646497	0.6289027
0.2204114	0.4670452
0.4192788
0.4850941	0.4533912
0.5652047	0.6255093	0.4837852
0.5445656	0.2555051	0.6663306	0.6316934	0.6005761
0.3895847	0.2028072	0.6490934	0.5350144
0.5748632	0.2365143	0.6072384	0.5695966	0.5025809
0.4906779	0.3221986
0.5250541	0.1753126	0.3740335	0.6660049
0.3582424	0.1805109	0.4697907	0.4984653
0.3464927	0.2787715	0.5555134	0.3673808
0.2866148	0.3975622	0.5322031	0.4195488	0.6984235
0.4944852	0.290917	0.5335336
0.4827854	0.5393585	0.5034883	0.3531914
0.4853831	0.3718972	0.5036638
0.5619675	0.4946519
0.5004488	0.3704457	0.5558862	0.5225532
0.5148792	0.1516503
0.5395356	0.119127
0.6557374	0.5566222	0.6459533	0.5404299	0.6312344	0.4436439
0.5423224
0.3653793	0.3993047	0.6170522	0.5464923	0.7359616	0.5488743
0.5012028	0.268069	0.481572
0.4555054	0.3524905	0.5321185	0.2286674	0.8919066	0.8786553	0.6394703
0.4354494	0.3825879	0.5257922	0.6044818	0.4923524
0.6419124	0.5979409	0.1850316	0.4461168
0.3737168	0.1745703	0.5128281	0.5652919	0.5216945	0.3619056	0.5339828	0.2800136
0.3564463	0.3406092	0.5967932	0.5907955	0.3659829	0.6697031	0.5985554
0.3646098	0.2411433	0.7048959	0.5440359	0.5267772	0.5095567
0.7077186	0.3802154	0.5610362	0.4628719	0.3511104
0.4868878	0.1570247
0.6202628	0.2044949	0.4384476	0.5501329	0.5176726
0.5050725	0.3502725	0.6428769
0.6483601	0.4634559	0.6688944	0.553755	0.6006912
0.768262	0.287447	0.6443064	0.7367123	0.6073476	0.4586195
0.53352	0.2062235
0.3931031	0.1959056	0.5623518	0.4146814
0.5523611	0.2537034	0.6491002	0.5209535	0.5926418
0.4148984	0.2296258	0.5297741
0.4101439	0.4205868	0.4044431	0.5811125
0.3144615	0.4444894	0.2917548
0.4178574	0.3945476
0.4814819
0.5161547	0.5363542	0.3869564
0.3301796	0.4585334	0.5829026	0.2808994	0.3452274
0.5922677	0.5275746	0.575655	0.5637755
0.3359701	0.5626392	0.5839822
0.5810018	0.3435408
0.5649616	0.1834312	0.6830459
0.6410412	0.4066093	0.6288419
0.6885346	0.2125533	0.6108994	0.4929502
0.5288923	0.09575312	0.4634002	0.721625	0.5138892	0.6973257
0.4562465	0.01579895	0.6245085
0.7017981	0.3452204
0.6873358	0.2593324	0.6705589	0.6334383
0.6976043	0.2926978	0.5768932
0.5201426	0.3688937	0.5607784
0.7801139	0.2028519	0.5165538
0.5217564	0.2516245	0.4731905
0.2221507	0.08783395	0.5492979	0.4920799	0.6459706
0.5843317	0.3034917
0.5415628	0.1563192
0.6164126	0.1330015	0.5100571	0.6017537
0.6468413	0.2721028	0.6316462	0.651247
0.5422637	0.2238219
0.2965039	0.2650191	0.5067043
0.4196402	0.2693923	0.3397678	0.6682396	0.4470412	0.3662944	0.4503317	0.6763348	0.5189512
0.5124275	0.3684031	0.501311	0.5192919
0.7497924	0.2966912	0.5003461	0.509651	0.525696	0.6904624	0.2854689
0.3017515	0.271751	0.5206246	0.7921382	0.257881
0.5260162	0.3466683	0.6652998
0.492664	0.1599911	0.5924766	0.497896
0.5673345	0.1352537
0.5949552
0.5573724
0.5321585	0.5341229	0.07219506
0.3936494	0.2562555	0.5094104	0.6466007	0.3813126	0.5976085
0.5563303	0.2471871	0.5820483	0.4664205	0.3355124
0.6379884	0.272238
0.64227	0.2167848	0.5247824	0.6396757	0.5250473
0.4448553	0.3797773	0.6430865	0.6538653	0.4434064	0.3848484
0.4182905	0.5437044	0.6739286	0.4542956
0.4791689	0.4105939	0.7082433
0.4683588	0.3217174	0.6953439	0.281155
0.3394394	0.4667666	0.706982	0.5402766	0.7243646
0.5673071	0.3759014	0.6291155
0.633668
0.6054001	0.6102639	0.4094219	0.6116229	0.3157822
0.9139067	0.3078644	0.6152166
0.6214123	0.433104
0.6034137	0.422582	0.6406756
0.6875695	0.7930045	0.4247811	0.8168159	0.5663537	0.4766528
0.6291753	0.3444596
0.4663103	0.2217283	0.563819
0.3993283	0.3063404	0.6256145	0.2622938
0.4754067	0.1505383	0.600323
0.5317245	0.2311353	0.7656544	0.5252383
0.4374187	0.2780852	0.5327529
0.5105136	0.2445202	0.4530286
0.4737747	0.2822651	0.7012716	0.4837715
0.5149195	0.425155	0.2124081
0.4567691	0.1079946	0.1792322
0.3428645	0.2218102	0.4439999	0.4342925	0.500753
0.4880161	0.1779306	0.6453134
0.6555192	0.2290195	0.5378546	0.4457573	0.4893243
0.4190118	0.1594423	0.5197323	0.291537
0.5615772	0.1985103	0.5734181	0.5491957
0.3619244	0.3898592	0.5362866
0.500869	0.4176688
0.5895665	0.3902013	0.2936956
0.4659968	0.5967864	0.4659428	0.4431836	0.577504
0.5487169	0.432695
0.6891003	0.4139881	0.619208
0.1932546	0.5095969	0.6804665	0.6820618	0.7691184	0.6538735
0.3604969	0.7874766	0.6579136	0.4178855	0.5362792
0.4645284	0.6519655	0.4564011
0.5164413	0.1886446	0.4779102
0.4384805	0.1532606	0.5903411	0.263651	0.3670881
0.6153707	0.4360797	0.5673396	0.6364336
0.5838456	0.197902	0.5380541
0.4496241	0.412546	0.5224207	0.3873901
0.4951705	0.4111466	0.6695219
0.4500774	0.3926355
0.4848079	0.3039927	0.3078948	0.4696664	0.4720585	0.4622577	0.3238586
0.3870464	0.5664785	0.2504243	0.282371
0.4079859	0.1756164	0.614675	0.3531434	0.3692005
0.2662638	0.3811187	0.5677981
0.4840033	0.3415825	0.2408014
0.2152306	0.1838878	0.349125
0.3923126	0.325955	0.3165815
0.3558431
0.4525027	0.4666632	0.2741057	0.4438268
0.4528782
0.2692191	0.3587003	0.6069593
0.5096083	0.3916578	0.5259495
0.3445051	0.3825154	0.5910212	0.4172551
0.5123016
0.4944517
0.4820317	0.433933	0.2749936
0.3321665
0.4603879
0.3886261	0.3114089	0.3212141	0.3134781
0.5196692	0.3568038
0.4449393	0.4315461
0.531995	0.3634351	0.3878032	0.4637114	0.4793373
0.6374915	0.3497723	0.4818593	0.3216774
0.3957272	0.4755627
0.4737237
0.2538093	0.5153754	0.5107126	0.2082756
0.3926503
0.5343547	0.4149815	0.3537227
0.4129355	0.525659
0.3370647	0.4066076
0.531338	0.5355274	0.4092429	0.4995006	0.5393566	0.392952
0.1329189	0.4016576
0.7312208	0.4502314
0.5782015	0.4940053
0.5689515	0.6279016
0.5939358	0.5971394	0.5821401
0.5663677	0.6040837	0.6138048
0.5407293
0.5759587	0.5352694	0.4896592
0.5462204	0.1062966	0.7242743
0.5093502
0.6360203	0.4730795
0.5920666	0.3337382
0.6406185	0.276239	0.5833381	0.4211776	0.5279867	0.4957984	0.5240266	0.4230878	0.6182897	0.4045487
0.6058512	0.4344297
0.5721903	0.5037251
0.5863047
0.4232028	0.5663056	0.4996743
0.5249815	0.579618
0.5024178	0.474206	0.4703694	0.5650692	0.4040512	0.7133141
0.4491274	0.4656908	0.4131067
0.5247992	0.4441567	0.4900874	0.2045564	0.567177
0.5423289	0.3990945	0.566419	0.3784514
0.4965166
0.5738192	0.4829943	0.2979802	0.5042766	0.2786724
0.5413275	0.4985061	0.1681496	0.4489883
0.6413857	0.479164
0.4860096
0.4888366
0.5075285	0.4701198
0.3914822	0.5152711
0.5060233	0.5109846
0.3911909	0.4987387
0.4594873
0.4096006	0.4400207
0.2890512	0.5088613
0.4614815	0.4670489
0.3861666	0.4867941	0.5741898	0.4811112
0.4540356	0.4631056	0.5158662	0.539021
0.4230312	0.5473132
0.5426303	0.5368844	0.6439132
0.6836432	0.4896226
0.5332754	0.4921655	0.6919716	0.5712569
0.514412
0.524372	0.2476653	0.5040215
0.2824381	0.2501503	0.554872	0.3672348
0.5206165	0.3423105	0.5928639	0.4159292	0.5783588
0.6369219	0.4564202	0.6069662	0.7218469	0.4904942	0.4953762
0.5948174	0.5176859	0.1704867
0.6351223	0.260335	0.5324498	0.5390124
0.5345817	0.2574912
0.3560796	0.3212571	0.5461814
0.4841724
0.5647751	0.3679271	0.5745437
0.3896687	0.3975686	0.6070287
0.7010083	0.5431739
0.6103146
0.6426376	0.5917289	0.5541692
0.4821992	0.5394393	0.6319834	0.5415743
0.5761321	0.4564728	0.5050638	0.2732346	0.4829718	0.4319908	0.4574828
0.4269686
0.4151101
0.5116271	0.1875108	0.3693933	0.4568884
0.3964126	0.3441357	0.4306993	0.5720327	0.5311529	0.558162
0.4903916	0.4394665
0.5061277	0.3289825	0.5121177	0.2495517
0.5210834	0.2124521	0.4979743	0.4636573	0.5572653
0.4213792	0.3658141	0.4552902
0.5916515	0.3130732
0.5281964	0.2927664
0.6080134	0.1157059	0.5005926
0.4081	0.06430273
0.4812007	0.01663029
0.4804924	0.01070532
0.4841857	0.07641504
0.4720858	0.2456288	0.6334305	0.4155789	0.5937358	0.6215907	0.4703133
0.5487415	0.2027719	0.4762831	0.3977183	0.4847911
0.5610054	0.6481697	0.5015525	0.5671028
0.5136367	0.3956871	0.6425952
0.3613489	0.4102212	0.6188181	0.2462806	0.4349421
0.5152884	0.2025	0.5872984	0.2850575
0.4879652	0.6220463	0.2376103
0.7173702	0.6088533	0.5000221	0.6899093
0.6044035	0.5268316	0.6291688
0.6084323	0.3572293	0.5970897	0.4946664	0.6712243
0.6486336	0.08928183	0.6251571
0.5982318	0.1641169	0.7689784	0.6363003	0.4215445
0.513364	0.1644728	0.651221	0.6173319	0.521546
0.3157693	0.15983	0.6136637	0.5097263	0.4809144
0.329088	0.1174676	0.6642054	0.5039323	0.5268427	0.5641029
0.391403	0.1131761	0.4690349	0.5531356	0.385389	0.480641	0.5961949
0.5615164	0.2849107	0.5106736
0.3464419	0.4344301	0.6501525	0.4779249	0.1768112
0.4225074	0.5807174	0.2177519
0.4684738	0.5678514	0.6158136	0.5534272	0.3232534	0.1825514
0.5491057	0.5662247
0.591043
0.4406217	0.6141059	0.4940001	0.3778191
0.5670957
0.3965667	0.5222124
0.4009765	0.2678162	0.5335854
0.3953536	0.1746225	0.5716056
0.2370973	0.4501117	0.5271838	0.3387335	0.2703871	0.4976176
0.4033555	0.2275943	0.5495117
0.5874314	0.1053884	0.4952947	0.55045	0.3732917
0.4870959	0.1567459	0.5692348	0.5522323	0.4920371
0.2273491	0.1574079	0.5214169	0.6049202
0.49671	0.09634557	0.4882373
0.5010969	0.09309646
0.4988562	0.1645468
0.5032961	0.1985187	0.5779981
0.505638	0.3606258	0.5727603
0.6723367	0.1934984	0.6727086	0.4418507	0.4489911	0.365896	0.5237761
0.4915708	0.2499463	0.5940361	0.2199643
0.6058179	0.3791321	0.5312575	0.4582441
0.5706137	0.5345743	0.4125662	0.3159695
0.5752436	0.4331832	0.4145288
0.4455014
0.4533521	0.41189
0.4684963	0.3676873
0.490947	0.4461049	0.3950918	0.4773063
0.7385482	0.4369923	0.7893085	0.4785513
0.4969987	0.5242153
0.4163329	0.3486716	0.6060873	0.599933
0.3852732	0.5615096	0.4742205	0.4734463
0.3095858	0.4685381
0.4400714	0.4155023	0.5510901	0.4123223
0.3202516	0.3676027	0.6361764	0.390586
0.2008311	0.3577523
0.4285341	0.2709998	0.5168701	0.4397565	0.6219819
0.570656	0.2513926	0.5219751	0.4708869
0.4342147	0.4024828	0.5058313	0.441274
0.4312646	0.2510118	0.5611371
0.5555155	0.3258385	0.5786571	0.3008826	0.6447526
0.4615376	0.1185155	0.538675	0.471388
0.3980833	0.07348186	0.5121333	0.3738668	0.4666762
0.431773	0.234051
0.4027602
0.4292425	0.3571193	0.4042198	0.5056689
0.3568737	0.2732907
0.4019028	0.4170262	0.1757962	0.3189973	0.2367643
0.6246675	0.2299965	0.4079698	0.5209726
0.5431769	0.2747508
0.6309284	0.4571629	0.2886378	0.3030302	0.3431364
0.3879468	0.03049429	0.3938655	0.2721656
0.4547735	0.1199409
0.504279	0.08521382	0.6313976	0.3334641
0.5133285	0.2085575	0.6054632	0.3211836
0.4900556	0.5293817	0.2610642	0.6739141
0.4370964	0.2162345	0.5960799
0.4531678	0.1506437	0.5497311
0.7369255	0.2220247	0.4609195	0.5261037	0.4337804	0.5208315
0.5542463	0.3110832	0.5178844	0.1798321	0.4882995	0.5055332	0.4755213
0.3780659	0.4222958	0.5594335
0.4298369	0.6219806	0.3324489	0.343506	0.3172456
0.413424	0.3171976
0.5989464	0.2507155	0.5373272	0.3090293	0.5090971	0.3949685
0.5339757	0.2511255
0.5301066	0.05401088	0.5917103
0.3137368	0.1497056	0.4761136
0.469846	0.09857378	0.4627348
0.5438731	0.2911076
0.5888684	0.1506572	0.5741617
0.5423122	0.2398615
0.4265223	0.4327653	0.6622639	0.5158569	0.5728312	0.6171833	0.6112931
0.419574	0.4975003
0.7322404	0.4445736	0.2730135	0.328639
0.4687458	0.1257414	0.6328527
0.3776144	0.1930212	0.6336541
0.5156429	0.3509293	0.6514271	0.5928659
0.4732158	0.241762	0.3644956	0.5572454
0.6474791	0.3689902	0.5602817	0.5439175	0.3040352	0.5361714
0.3971475	0.3453899	0.6994764	0.1697362
0.2852182	0.3509188	0.6851198
0.7034713	0.6853065	0.5984476	0.3099601
0.4439777	0.6972946
0.4752276	0.6578255	0.543666	0.3130123	0.5059579
0.6064324	0.5882326	0.5011488
0.4256639	0.4551043	0.5285759
0.3845747	0.5376107	0.5600108
0.2357054	0.4767684	0.3130198
0.3949327	0.2546967	0.6213572	0.4057095	0.5244446
0.5625637	0.2746458
0.5498036	0.1923792
0.5485613	0.2825946	0.5598556	0.5308322	0.2051659	0.5190978
