ExtinctionRateChangeTimes
52.68697	39.44231
50.48133	69.32425	65.66507	31.73895	36.32644
59.35441	14.03065	60.25559	47.95813
54.58573	47.34366	42.15326	63.88503
57.85252	51.4584	67.00062	44.21536	71.0349
48.49654	64.78907
61.79157	26.3541	16.64668	59.03739
49.45909	20.4508	17.80173
54.22381	67.42817	63.74749
26.49515	46.81572	22.35298
56.66009	37.15762
5.661426	36.923
59.65531	62.24982	51.08809	11.86383
57.69533	2.048955
61.29515	33.82636	2.873961
61.64214	18.11251
53.89285	50.25277
50.61221
59.68285	12.54172
48.97509	10.95248	14.04302

35.19194	4.242984	33.20649	30.98178
34.33668
1.556746	50.94765	27.77534
56.57762
11.86733

52.33025
57.0225	49.93608	26.13942
47.66973
56.91497	53.46673	17.30496
26.75192	16.61314	6.182407	70.94357
36.89589	30.07743
52.08824	25.66423	36.34782
40.68718	21.79912
56.89016
60.63798	15.84336	13.37811
61.42956	26.34514	37.45943	36.67342	48.49474
63.67495	47.3572	13.65198
60.0627	14.89295	69.82842
60.31802	8.60714	29.67662	24.00272	7.512031
33.99614
53.80661	59.48823
7.632194	1.069221

45.17055
9.296632	10.66997

71.04455
57.86575	32.10801	66.01179	48.16504
50.06218	5.512172	28.54621	22.98638
51.31375
56.41394	63.71688
54.64312	26.51058
67.182	52.26123	25.91468
56.01982	14.95934	50.85067
29.95365	3.734219	18.99293

60.00776


55.55704	22.87283	18.60487	10.22686
41.20438
57.2517	29.39518	16.58407	13.72819
65.52001
69.11379
6.772849
12.96921	59.9467	66.6176	66.51387	42.95465
27.8006	17.74599

37.78033
53.31178	24.05044
57.35673	64.18042
52.03122	13.54785	63.25399	51.04002	7.566744	10.41522
67.60444
45.70914
59.29279	30.7997
57.30161
55.92107	18.21222	34.47452
69.35351
60.68896
20.66896	14.25602	48.34913
8.646917	3.180401
13.20569	52.52303
49.00645	16.41652	70.56567	15.62798	47.78975
45.21442	58.4391	6.165465
61.95191
50.13338	26.02146	48.73973
52.59591	70.31212
51.79323
56.13906	5.350162	55.26773
58.34773
69.11757	67.90615	58.85794	65.23746
57.67058	34.69222	0.7870538	53.92809	26.43187



23.00583	15.19238

24.19437	23.54041
30.20048	27.60656


33.54351	7.59814	63.7174
55.22947	30.46661	28.04191
24.54253	52.44078	21.26417	14.3405
19.57133	63.13075	55.05978	55.03237
57.09764	5.981443
50.93665	14.0713
49.60446	53.39622
30.11382	54.51822	30.92246	22.96007	58.53471	57.43369	6.820581
54.45846	31.42485	42.46363	57.28238
51.35887	43.00318	42.19733	45.25512
56.02123	25.03805	0.6427843
54.45632	23.77444
53.11765
51.03722	33.39815
50.9106	14.58003

4.664955	50.89078
65.79632
40.5202	8.234932	33.1512
66.63834
32.66814
27.67789	5.042662	23.22661
21.3213

10.81676	48.32315	44.6688	2.185421
7.731668	10.38309
47.00862	13.83249	9.580748	1.550688
62.19251

19.48761
38.86393	32.85495	16.83881
58.45606
55.7698
51.92587	15.031	71.18301
57.90565	34.16712	29.24285
58.97902	54.33176	61.03098
29.76359	26.46878
39.70594	17.35472
24.38594	0.2075154
17.44542
35.86572	11.04873
41.78751	11.16576	32.38405	31.29083	29.1204
9.721015
34.01087

41.32703
35.83379
20.13266



20.93523

10.62671	2.784838
36.12853	15.53044	68.47815
9.054511	3.759734

67.53819
28.17558
32.52982	27.056	29.525
2.608301	56.71264	50.42833	61.91393
45.83829	67.64082	2.489845	43.57839
25.78806	58.62002	21.74051	17.93668
57.12201

57.0739
62.46382	59.6681
60.59999	54.79651	69.34227
56.01899	20.83477

32.82924	66.27221	69.61215	56.46965
52.50426	25.65137
1.309666	54.92033
58.51424
54.75069	12.19471	64.32005	64.9989	0.5526814
32.72367	58.81513
54.26821	10.15992
58.0044	54.34527
54.2971
58.61375


59.65449
5.517369	56.51619	70.20739
50.68868	10.16941	55.08059	6.415391
59.92016
60.36864	59.8779
59.32939	54.76109	64.10654	5.241566	54.10508	30.37323
58.61241	63.58811	35.08645	70.07433	42.24697
63.23812	51.00402	27.9224	0.3454784
14.76368
64.90368	61.13829

18.635
64.33273
40.67336	38.32307	13.76328
23.93968	2.048623	13.12304	45.54017
8.011411
56.63582
61.12331	44.08507	60.54665
53.1465
56.94124	59.79001
21.36186	14.02259
22.48467	16.93837	15.29221	1.334477
36.20932	6.267343
63.00303	53.5075	22.75723	30.92276
67.92793	43.51729	70.38829	14.59937	13.6433
33.51367	53.08363	42.23045
31.34985	52.12705	10.21771	0.3568942

36.17225

37.6099	18.68095
25.72392	59.30263
56.91618
13.57575	6.486948
62.19883	28.34443	32.01996
32.11539	69.64159
31.39562	10.3907
49.71332

65.40522	9.171791

52.5698	67.64825	33.74736
43.18668	19.53445

69.64788	14.55714	48.80058
30.96345	67.58868	2.667102	30.1929
68.00539

23.96429	70.02042
30.10244	18.11355	10.9438	3.146453
22.86341	68.10408	33.32941
68.52818	29.94897
68.13408	24.60336
69.59638
69.77723
70.04282
69.2559	61.2318
69.12614	25.88936	61.35133
68.73034	16.30346	1.561826
69.53544	32.99544	35.76934	22.70476
70.00158
69.72247	62.05931	5.153751	66.15271
68.85504	63.7057	70.70788	14.3951	26.50948	33.99434
68.85504	60.78593	45.25068
67.23315	17.37337
69.01843	61.63949
68.05226	60.66082
69.33295	38.30532
70.06544	69.43833
69.75666	18.26655	14.01072	60.94152
70.04934	27.49786	69.50557	3.5868
69.57365	14.7678	66.63088
69.74017	23.25974	10.13268	16.50204
68.28924	10.1654
68.69056	60.49773	41.88589	35.41677	5.901414
68.69056	61.9904
68.10084	62.01517
68.09022	61.72276	58.75956
69.63691
68.8524
70.0271
70.11165	7.513786
11.83139	68.69965
56.12106	53.41416	68.83208
68.63832
69.66024	11.75712
69.66024
69.66024	17.21987	18.69197
68.53445	29.90871	23.84232	21.11929	16.05237
69.03753	22.56156
69.40452	60.52903	14.43157	60.50409
69.62255	29.12237	9.762417	58.33088	18.97005
69.52754	37.49291	23.83577
69.81017	59.4455	15.57023	12.54989
69.39897	36.75482	35.2339	57.72725	5.742916
69.39897	56.69821	28.50205
69.39897	62.56755	32.95285	64.10126	30.4145
63.0308	69.65367
68.85178	62.12708	40.78994	4.160638	33.08516
68.48694	54.0941
68.48694	34.5933	33.38517	19.95615
68.48694	62.33354	50.44056	45.53286
69.20798
68.61583	61.92633	15.48915	27.64192
68.61583	63.15262	1.311845
68.61583	26.20855	13.65924	24.35804
69.06776
69.56831	39.65431	49.32784
69.09898
69.42665
69.08009	62.11886	25.60219
68.71029	39.39155
68.71029	63.69934	18.01322	21.56612	42.64982
65.06926	67.64519	32.15781	19.77307	62.47602
67.35548	64.56419
69.31087	33.21232	66.42009	61.59844
69.31087	20.98783	9.928971	8.637747
69.4671	29.61463	70.90749

22.82915	15.59513	55.14369
26.31554	9.523796
36.21824	14.20399	66.82496	35.27611
63.14505	52.74985	61.93288
63.53624	69.61556	52.80949

69.49483	53.13519	63.72274	4.389791
52.7338	35.09175
51.77767	47.97829	3.588443	51.31706
47.06052
53.46943	70.43742	49.69401

37.70281
24.56537

40.71786	20.84994	24.98566
65.4191
69.23372	69.10454
28.36251	45.32043	25.76983
58.37149	34.06256

10.10686	63.2262	32.84186	26.53592
2.74735	26.50928	69.39262
69.30989	37.22312	15.20352
69.57766	62.73943
69.39595
68.99057	60.99768	55.54104	18.94348
67.54073	7.643792	62.40775
68.28529	60.60202	55.97635
68.83078
15.22224	30.7759
69.02345	70.60643	12.51289
70.60643	13.57884	2.644156	1.223835
69.86242	12.32589	17.15225
69.9881
69.77952
70.01218	53.54872	26.77092
69.9069	19.68859
17.95317	47.82153	29.98603	28.26814
69.33192	60.37443
70.05703	49.97208	41.66396
69.27097
33.06161	49.20943	31.85294	35.02089	43.1419	18.39534	61.21487	16.48606

22.80221
6.159222	0.3313963
70.45687
36.9732	22.49309
29.47605	24.36102	29.32838
33.52901	60.76472
65.02199
12.93589	5.622305
37.99556

53.69047
14.00596	61.24082	13.36678	34.2523
67.30864	4.978512
70.41377
2.835511	1.224299
26.61082	36.82805
38.77807
13.93124	64.72525
18.28618

28.55044
26.03547	7.259016	65.8983
21.45912

45.53039	41.52224
67.56593
62.75804	65.01675	58.55945
63.04858	18.34105	69.94292
63.35941	53.87364	6.036222	63.00165
62.12789	24.52871	68.59593	6.774074	68.19611
68.59593	10.35389	57.10407	64.28128	54.61029
63.91803	69.26463
67.0211	65.10269
68.93885	21.8344
69.02806	10.38045	22.85907	15.28762	13.07661
68.64206	31.18692	59.14216	10.05997	16.29402
69.68772	52.0439
69.68772	49.1872	10.05264	23.47801
69.06237	39.07781
69.74228	20.19535	6.437185	0.1782268
68.96738	62.85229	29.2281
68.84739
70.02936	25.21481	55.84141	19.95238	11.33988	41.75884
70.1586	1.916752
69.43563
68.39371
68.10169
69.33762
70.09498	10.09402	45.81856
68.86761	4.82941
42.75755	23.71836	21.38664
68.6932
69.35311	8.868408	6.739569
69.35311	9.913711
69.49432	5.071537	24.52043
69.09202	58.0184	36.34817	51.4393	11.53561	14.56256	16.12093
69.6865	45.68189
69.6865	55.91385	5.788816
69.6865	56.47601	14.47199
69.63752	56.18217
69.01625	62.78466	4.609651
66.15496	27.99688	46.80246
63.9887
12.14647
66.73761	63.16108	11.71642
56.65421	17.99151
63.03065	14.42207	69.1732
54.84117	0.3661008
44.1438	35.69469	34.08464
17.4064

6.092787	57.78589
36.72369	63.3622
49.88829	43.44053	64.22119
62.66355	51.67317	51.1657	68.21637
48.57271	33.61834	31.1234	41.10345	42.03562	31.56887
14.85983	21.14083	17.1172
7.147197	38.9483	25.14301	20.65077
17.22632
67.85947	7.319973
56.76037
27.41323
1.61814	70.62494
67.13442	59.08152	13.29368
52.94973	51.17175
5.761992	71.19826
48.74467	2.665862
49.57012	63.75886	1.39021
50.79307	62.67636	21.36821	41.01831
61.99984	8.512502
61.20016	29.82494
55.48678	6.103643	37.80859
64.06147
60.8319	14.54548	59.27594
61.5058
4.173443
15.68658	29.46613


25.01264	8.287644
61.44829	1.905197	69.81079	71.13592	48.06823

4.685913
64.35717	62.86146
13.40839


50.40342	16.77923	45.18595
0.567857
11.54422
61.62809	31.26578

23.92955	7.569819
63.91415	30.00193
7.035839	2.395907
53.11526
40.82031	60.54622	8.115763
44.02031	62.51573	40.88542
62.25843	69.90167	70.91535
63.12447	69.90167	23.04729	70.98684

30.37881	29.47614
25.51017	70.53985
18.95083	1.459603

58.80844	28.09062
21.46804
9.449715
21.70712
64.34548	62.70772
15.71997
9.182594
69.62789
69.27555	49.15275	43.92033
69.19874	28.26803	0.3074915
69.19874	37.56117	22.46079
68.97397
67.09529
68.38894
69.68831
63.08028	66.26078	4.926996
70.18853	60.54987	0.4279731

67.77173
22.97645	54.06169	58.53229
61.52371	50.51547
2.894476
2.48646

35.32203	69.24539	7.910365	71.01497
69.48353	10.87795
69.23786	61.91144	15.84092
68.98766	8.278368
68.49416	14.94181	1.153382
14.36706	11.01514
52.10188
60.21263
59.28409	49.72157	64.61969	42.84463
20.06916	16.029
67.20714	60.5789	41.77609	31.80966
67.54989	60.64548	5.522162
67.54989	61.79058	42.29486
68.36755	63.33348	46.77973
60.82575	68.25409
68.74477
69.63625
68.51813	30.21969	43.40074
70.12505
68.6884
69.84611
69.54935	45.00102	67.28589	58.6511	61.63738	18.47374
68.56248	41.12572
70.39809	61.5939	59.06159	67.3177
62.38887	68.65577	6.191994
68.65577	4.640345
70.16508	28.47629	0.1868526	24.21356
31.14305	23.8414	4.96178	69.64983
69.64983	17.91296	31.55358	14.0467
69.06161
68.95592	60.96328
69.54212
69.0024	5.250674
69.44623
70.37473
69.22655
68.51843
69.72864
69.6324
68.96909	44.67373
18.71478	0.5682069	15.94955
33.30958	68.3178	15.69406	65.39416	28.8854
20.59279	70.78575	7.776262
70.10299	68.68928
19.4528	17.32693
12.86414	10.82667
12.55573	68.85672

66.12928

69.84108	71.10497
2.722259	70.14688
68.85953	6.534606
30.99499	68.77396
36.44674	69.21625	0.4667787
38.10794	68.49817	36.42437
16.66756	11.25542
9.218516	70.16111
7.500753	69.23661
70.11958	70.77222
16.44204	22.64536
7.069244
69.19652	42.73603	16.73774
40.20008	10.79732
25.96722
43.3738	0.2121399
37.80466	18.6114

7.021413
2.145799
69.15685	60.57512	41.56202	43.27081
69.44512	23.38754
69.5907	62.24662	7.157988
69.16711
69.68766	20.62924
69.68766
69.56687	4.753132
69.56687	20.10528
69.30316
66.04079	2.86239	24.87961	20.99924
69.70597	53.21558	28.50905	10.00918
68.07573
31.099	5.745325
22.97185	69.0844
49.30523	65.06195
70.86199
70.50215
68.71231
68.43724
4.675477
69.50546
68.611	11.5006
68.18474	16.46353
67.76372	45.8832
68.83425	11.97943
67.87825	9.641432
68.59999	63.05438	58.52234	36.23961
69.30101	59.9242	36.91219
49.49576	38.422
69.83046
69.06658	28.43668	55.68286
69.06658	4.127599
69.47096	56.92551	65.31266	31.107
70.222
69.65255
69.19533	16.95545	47.88412
67.79483

50.2887	44.87806
49.58743	27.1572
53.24796	26.14349
34.44956	65.14067	4.511892
36.50854


42.00458	43.48611
4.141895
26.90372
48.32815
45.89484	9.263964
5.285169	0.05176129
27.85859

7.185373


14.88368
57.58965	18.97398	5.273375
44.33813	21.9975
37.88232

31.32831	68.28438


69.23551	24.67958
68.99671

67.06475	61.14126	59.91114	7.742309
62.70821	69.28778	31.81088
69.05603	61.02758	7.315755
68.41574	12.02394
69.05621	1.066864	47.54842
68.39594
66.92557	12.09982	62.8709
68.09975	61.57408	0.4503402	38.07439
61.57408	35.87811	67.12119	10.61452	57.88497	52.16649
69.44943
69.44227	23.92945	6.366031
68.42215
69.66599	17.70643	0.6755694
69.36167
69.05423	9.841729	27.11697
69.93487	57.16951	24.01034	55.45713
69.40286
69.40286	34.50041
68.98187	22.72865	10.55979
69.93797	54.24545
69.35605	28.94863
69.0398	27.60014

63.54786	51.9867
24.63111	14.53147

30.8586	71.06891	6.241948
8.63361	6.457846	71.24669
4.063042

33.55645
13.29118	21.39669
70.3301	45.56124	55.31312	61.13935
70.3301	57.10209	37.69612
69.44247	47.62834	4.727439	22.71924
68.60815
65.8122	52.07193	10.40099
66.98743	21.50565	36.76511
65.43954	44.88802	21.60299
64.93835	19.77265	19.68817	64.50258
68.40889	56.64019
59.94134	13.02177	7.533399
37.6051	37.02059
22.64308
68.74547	59.09018	53.00552
68.74547
70.46963
67.68645	55.59653	32.12358	2.966194	68.68255

5.051341	21.40181	48.30455	18.76892	32.89376
69.39163	62.60184
67.52329	36.32007	22.42913	62.23556	33.11425	61.2147
67.82923	40.7621	11.96685	16.75547
61.5547	69.43906	20.04617
69.43906	46.56136	58.36567	17.91059	15.42732	27.72539	68.62906
68.2818	4.555652	14.96276	1.923498	67.14428	12.7827
70.10739	45.50496	48.63681	18.81344	67.75373
67.26453	15.77747	1.815901	69.29635
70.07474
68.07787	8.424283	63.32053	24.46552
69.07413	2.795317
69.40884	23.83203	9.248164	16.77591
69.72639	15.03142	10.63733	44.06934	40.57354
69.08547
69.61389	28.34698	17.80735
68.40576	61.63399	39.00864	27.26491
70.00243	8.100764
52.1137	69.60247	71.16606
12.43905	69.06267
69.84466

45.79646	68.56453
67.44939	32.6489	8.141043	24.24232
69.89404	3.986779	57.66283
0.5585946	53.98273
68.91195
69.85987	65.50969
68.08058	18.33676
69.73574	1.092067	65.2468
69.63903	65.67107	37.96351	13.62568	59.27865
69.25791	21.32667
68.62267
69.06873	16.31699	57.18915
69.57841	3.145142
69.41978	1.655303
69.41978	6.683
69.90547	37.19957
69.78752	40.32796	9.987316	0.5657042
69.66784
69.69091
70.25325	45.00414	13.89199
70.51648	52.47908	39.55687
69.64491
68.85389	13.26614
69.24949	5.124352	15.35773	39.69936	2.435611	20.78184	61.40818	37.70106
68.82876	6.537698	26.36463
66.96709	37.15037	10.90857	17.95228	27.45921	20.8472
66.8682	4.587719	60.99309	51.17
68.14797	62.22909
68.8594	22.06546	61.04116
69.6745


30.4833	70.14648
69.1364	49.89532	24.30518	46.56704	30.97216
69.68314	46.64705	66.32654	46.03812
68.90271
69.015	4.41019	44.75361	33.24036
66.55267	26.29245	9.747716	4.582581	26.03836
69.78832	11.23963	10.00905
69.88056	13.45149
69.5848	21.72749	18.57337
69.87747	12.38951	9.470042	71.33384
70.46226	15.59309

13.92349	71.17616	52.87932	68.61639
69.35649	8.31169
67.99268
68.90848	61.60683
61.60683	66.93617	65.11719	10.40512	52.32617
68.92586
70.31993	12.02563
69.4052	14.38852	69.92982
69.93265	14.48478
70.30971	38.3748	48.29437
69.87077	48.75397
69.49558	40.4657
68.32326	62.41497	6.71382
6.632005	68.86245
69.75226	68.59851
68.85382	23.70592	31.22837	56.95987
68.85382	61.54283
68.68123	43.12029	16.09939	21.46335
70.11137	35.27407	19.09907
70.11137	41.49607	4.442311
69.48068	21.71529
58.56942
55.23236	52.96528
65.34761	47.96501	42.43522	67.48009
47.34647
65.33249	34.81496
66.56127	24.53542	65.78967	64.28783	35.29431
62.10045	12.84553	68.96124	42.27972
58.74377	68.93619
69.02274	64.3002
70.3289	24.83284	14.93554	68.68509
68.58007	14.97282	9.050509
68.7756	15.96843
20.72403	30.50557	44.59416
41.89757	31.53476
39.00871
8.73928	15.99336	6.901592	2.77869	59.75087	64.84095
60.8753	68.89814	38.50937
68.43839	60.92405	12.02646	38.36563
69.43945	60.15409
39.88075	18.03507
44.74577	64.18141
21.38536	19.82182

61.55468	53.60026	32.78798

33.59095	28.59434
21.34715	7.762487
48.06801	41.59721	19.58811


24.46015	15.25164


40.94256	17.35055	31.71612
28.64818
44.13749
54.15871	7.84267	36.06498	64.95067
47.32145	53.979	38.99657
47.389

13.14311	56.83064	52.04116

29.39692	2.577725
61.37077
46.19763
32.08879	29.42643	4.666173	47.57815	13.0275
3.015488
40.50206
48.86927
34.50452
61.33746	45.76282
11.97157	4.092461

38.10635	14.98213
70.71726	68.78848

66.55798
67.39176
69.15622	62.27385	52.99602	39.79525	59.53596	40.99164	19.24835	30.964	38.01874
66.40235
69.59087

22.82211	62.92147
59.65072
28.37976	22.61936	19.43867	25.23795	20.65385
11.27483	63.38412
35.52879	56.80459	56.1439	7.133542
50.04033	58.35254	51.86193

63.64268	55.37321	3.707729	60.51694
56.88654	51.20267	69.63726
26.1209


6.868775
64.60727
32.90162
5.411072

15.42305
16.35999
39.07536
40.58314	8.315718	44.03469
9.691212	42.13481	12.69679
28.50916
51.24666	32.05357
52.81403
48.60477	20.57786	58.29917

68.51004	4.079706
69.06652	12.79994	0.1318782
69.06652	16.2511	16.0521	50.40527
68.32752	49.42113	63.79643	28.08535	29.21625
45.81465	67.6126
68.90187	27.93499	8.887123
69.37376
68.59937	20.3521

67.14093	33.37487
67.09202	31.41368
51.59754

65.01454	61.65029
38.05218	65.60436	9.717639
61.0677	32.17617	35.18416	46.91732	3.176716	13.01611


44.33861	53.47906	37.88619
38.26596	67.33828	65.59283	31.8788	29.72802
35.43797
66.58216	51.67661	50.00475
69.34247	48.34645	39.9995	32.19428
69.66408	7.812602
69.63836
69.60852
69.78256	15.03484
69.78256
69.6602
69.45455
69.56843
69.11599	63.89751	59.90796	44.63535	20.20246	5.017915
68.89236	39.55892	29.84906	33.70992
54.2648	67.9968	13.39392
68.71227	27.61556
68.71135	32.64554	21.54706	1.288876
68.71135	26.94397	18.26586
43.54319	69.53786
17.23378	67.89102	48.1911
67.47592	41.55554
70.21487	25.85993	37.05131	65.52805
69.25628	39.98245
69.25628	21.92518	40.89428	40.64364
69.74556	26.569	58.76624	47.6611
69.74556	67.95699	54.58822	1.625947
69.71536	63.11696	6.182876	46.10683	60.51898
69.71536	48.30121	25.16351	1.542539	69.62063	64.22298
68.77016	45.4931
66.64317	62.90663	31.64543	1.20173
25.62716	22.61808
26.08493	57.03424	12.95026	16.88333	23.35901
34.13079

45.94538	36.90766	70.81248

30.95916
69.57223	40.79399
69.52708	0.9934824
60.33989	28.63265	5.139647	69.66962	60.51462
68.88908	34.65495
69.78785	53.92974	33.57965	4.263285
69.62266	55.31027	61.86587	55.37305
69.35362	33.87443	2.52125
68.76776	53.67267
69.72036
69.69941
69.49475	9.354067
69.45722	37.73747
68.72704	60.25852	16.55335	3.095042	52.99719	9.149236
68.96375	61.58562	52.52254
37.04389	60.35129	70.31477
47.85954	21.60552	45.03926
0.5659435	53.10991

3.229159
67.21867
19.39316	70.51304	17.90101
6.921428	5.893114	36.919
52.47869
51.64551	62.83743	27.32211
57.53988	16.182	7.578387
39.17709
41.37957	63.05237	38.37591
17.6853	2.050765	27.18299
36.93285
66.62371	27.48986	44.51736	40.34053
61.76926	31.46787	71.34664
60.38886	11.0649	2.421665
69.48514	71.09249
69.3825	34.57283	22.97348	60.60551
69.5156	21.35382	48.83239
69.47498	20.48445	19.86229	20.05954
68.27111

49.6588	26.72346	24.33333
14.63903
67.36174	37.64798	48.77695	49.24945
39.66662	15.42739	6.096491
6.131996
5.075154	52.30563	45.0999	38.31669
69.69325	39.80512	31.37995
69.26184
70.02688	60.98805	50.00582
70.02688	63.63617	51.03978
24.39307	69.54051	60.62071
69.54051	56.57035
69.61221	36.49299
69.17184	2.077726	30.73177	27.17254	6.277779
69.62894	29.76205	28.41472	22.85212	42.41519	67.23811
68.82961	59.75928
64.89054	69.44131	35.23366	50.79759
56.06628
69.33467	60.37473	49.93748	13.58131	19.98016
69.52949
70.2667	44.75182
69.37938	35.64765
69.37938	2.180239
69.77091
70.27084	47.22034
69.83284
67.20248	60.60681	45.92801	24.8991	15.02965	31.39896
64.00361
37.68043	69.62786	16.04928
68.37269	61.82898
69.06059	61.09017
69.09569	13.44054	19.53035
69.09569	18.75517	52.80359
69.01984	3.593831	26.33788	70.70107	42.60234
67.13635	35.47357	10.8281
69.31385	42.83837
44.84776	25.24773	6.198458
34.8986
57.29193	66.56788	65.85107	13.89483
63.53894	20.67717
52.62311	25.89637
8.70877	58.06844
27.35373	18.97114
69.32491	58.28132	56.46659	5.33487
70.01627
68.41967
69.13679	49.35961	61.12961	69.43483	69.28084
