MassExtinctionTimes
64.89985
63.30129
65.52952
65.03446	6.538297
63.96836	38.08643	15.27828
64.84332	31.86038	7.037678
65.60945	32.85146
64.98566
63.17751
65.56648
64.9282
64.49354
65.13057	4.298915	12.08723
64.79974	33.21534
65.50514
65.52099	4.373849
63.97607
65.51226
65.172
65.56273	30.21643
65.6391	33.0004	6.036217	49.59623
64.89974	48.54747
63.98929	49.60114
65.14555	4.385063
64.06731
65.42029
64.88585	4.637789	2.510562
63.91451	4.70504
65.5228
64.04734
65.65813
64.74455
63.5578	35.5546
63.9536	0.4133825
63.45513	3.350481
63.73323
64.82326	37.55026	31.16139
64.91243
64.91374	6.123942
65.43019
65.40738
64.85893
65.00468
65.65364
64.74799	2.882107
65.51351
64.02148	10.63429
64.87455
64.99202	1.215471
65.44937
64.91522	16.24021
65.56989	6.73257
65.2326	5.285886
65.06042
63.89278
63.35771
65.02851	5.795845
64.88476
65.50033
65.6319	32.80729	48.0349	15.24539
64.88869	48.18627	32.88081
65.57342	48.45768	35.56415	5.784708
65.57342	47.57753
65.57342
65.55903
63.30462
65.18607	0.820006	0.1808739
63.65742	5.7342
63.92911
64.6778
65.52126
65.33308	38.08467
65.53177	7.120182
65.64522
65.02136	2.097362
64.89784
65.5543
65.35525
63.40757
63.64111
65.54591
64.87606
65.45942
64.93649
65.02072
64.80924	1.759627
63.53771	38.50349	15.81582
64.73829
65.49503	5.236068
63.40013	3.087144
65.53541
64.79307
65.25141	30.61451	4.091703
64.79186	32.8546
63.50071
63.45053
65.01742	33.37783
65.47856
65.47512
64.93509
63.30671	48.30219	4.948994
64.91241	49.64614
64.90716	47.89471	5.458562
65.53295	36.72553
65.54304	21.37605
65.57371	3.690367	32.39436	10.6524
64.04484	14.78639
65.55416
64.92584
65.54339
64.88182	20.45542	38.55091
65.52883	3.055098
63.69095	4.376884
64.02503	15.35905
63.67065
64.92984	4.040553
64.18254
65.45537
63.20326
64.06113	7.033287
64.90438
64.91451	16.02854
64.91484
64.9113	6.383121
63.8817
63.41743
65.551	2.480056
65.04473	24.58479
65.02902
63.16257
65.57002	32.9039	10.03061
65.57002	36.31918
64.77328	4.192323
63.69753	2.841587
63.25853	29.12169	1.634355
64.91867
65.40556	2.465959
63.35916
63.33472	32.45671	37.89438	47.9476	21.51038
63.33472	37.21876	47.62674
64.58522	33.35675	49.65043
63.39372	3.286714
64.95102	36.12796
65.0489
63.32236
63.14745	34.18898
65.59879	33.4641
65.68262
64.858	15.36466
63.24386
63.29023	48.27792
63.43857	29.21938
63.02714	39.08747	5.573326
63.32154	37.78425	28.12162	3.935736
63.3536	32.84797
64.74212	38.04982	4.069041
63.87923	0.4080026	13.3341
65.11486	27.20066
65.488	6.18742
64.73691	10.09534
64.68166	40.68141
63.02169	17.14383
65.03623	29.21861
65.52588
64.8507	45.38417
65.57779	30.74011
64.90787
63.45336	38.08923	3.76135
65.57426	32.35943
64.88257
63.01968	30.50311
64.91951	37.8345
64.12251	29.59001	46.50557	4.138016	13.6034
64.16393	33.15436	16.2242	6.917847
63.38678	26.71186
65.12584
65.57566
63.21154
65.58156	1.282556
65.47716
64.18435	3.578846
63.2147	35.74072
64.93651	3.323979
64.74451	38.3392
65.35016
64.05658
65.53929	14.20921
64.8712
64.93858	5.46633	5.047748
65.27208
63.11203	6.95837
63.08917	14.69633
63.24515
65.45292
65.02929	37.89307	15.04216
64.91189	32.61049
65.54682	6.859605
64.24309	37.7077	15.48052
64.86943
63.41278
65.43168	49.17704	29.88425	12.10614
65.00355
64.90108	52.73507	9.671347
64.85346	4.210373
65.03604	3.276018
64.85038	33.40259
65.51479
63.66013	1.526928
63.37273	13.51857
65.01442
63.40175	14.50127
65.03862	31.36954	3.852375
64.9248
64.9878	2.694254
64.92939
64.79582	28.75798
64.87369	8.672984
64.03556
64.99459	32.35226	4.538844	15.29355
64.86453
64.85763	13.09994	0.5406056
64.75328
65.52299
64.86849	12.7918
64.91119	16.55297	0.7260378
63.44001
65.41739
65.55041	36.48165	4.593589
65.2699





2.328428


4.923071



6.821673	1.419289
32.47047
4.930103


3.54632


37.52902

4.401558

0.2645184
15.35684
33.75638

15.72748

32.71583


31.85192








4.869133

35.89159
3.478371
3.033285

33.8995
33.65221

6.94502

36.35231	2.176297

1.183591
31.85652


39.80646
32.9293
30.67737







32.88912

19.89219


15.34659

1.52089
31.94388

38.33073	3.134492

10.61067






5.914056	14.82466



11.85571
32.9298	14.21069
32.82039




30.12258
1.476743	4.498638




6.97408	15.1277	0.7895461	31.89624
1.086647

28.85046


35.82642

37.74327


5.199181


20.69599

10.81942

16.00958
5.7595	1.168912



15.48109
4.83295

37.42958

21.67385	12.90554





0.1753313


6.710182
31.1239
31.35983
4.193121


27.28127
5.456254


15.01878

4.947966	32.5194

2.530543
1.587104


6.258886

29.74858

16.15669



5.799573





37.94127
32.31533	11.31662
37.26289
27.2693

15.56083


6.774664
30.68891



38.21273	1.749272
2.813237
32.94986
36.35455	1.646609

40.68131
14.49055

32.98874

4.696289

1.198012
6.326917	5.510812
33.11685

8.463496
1.605628



14.7456


11.80078	4.087697
33.32336
33.9248	5.955465




31.05107

4.963271	5.739213
15.15362


37.00717


40.52841




0.2773061
14.89716
36.43794

33.7276	13.53495

4.952552
29.18676	10.788
33.66984

2.802794


5.895339	31.57375
33.87481

29.43103
33.75413	3.209071
12.22189
33.80541	3.187189




3.319251

37.62669	2.032124

30.42899



37.97072


36.22541	6.777526

6.882272
23.92778	3.168594
3.241795


2.078512
38.8286
36.68337	15.22656	5.452835
33.8335
6.455717


6.620697
3.734703



5.861424



2.82229	4.158977

31.62786	1.101754

15.34836	28.22103	18.75568
1.465532

6.591549
34.04732	12.23829

6.694921

33.59851	7.134101
2.069629

6.480107
32.08447


30.94925


6.832883	32.83196
16.27088	42.15273
31.89494
3.442676
6.988529
1.42477

9.196893




15.4261





3.387284	32.24624	7.145957
30.01114	45.07898
2.53825	15.72957

15.84341	6.311231
30.7082



5.528639
38.56619	12.52016

6.26796
33.26872	6.281065


4.116264


37.99674
27.41575


6.221305

33.48669	3.034823

13.77238
1.119268
3.918633

0.5092318
29.29949
5.407309


32.51801








10.87734
33.52205	13.58373
13.47338	1.787126


40.34165
6.409268





16.35882

19.98094
1.22243	19.11112

4.572119
20.62255
2.667292
2.046989

32.37354
38.49381
26.18773	35.16321
37.77903
6.92889	36.80167



38.03389


32.63282


33.37571
38.1637	3.792079


1.223948

2.606085
35.72375
6.685043


7.146304	4.139486
14.51519


27.66949	16.26583	4.958857


5.666257
9.754428
31.70558
5.166282	39.79273

5.814472


33.7575


9.398939




37.34372

5.676579
1.074962	38.17745

4.490336


31.73095	17.09419

32.68771
30.53166

35.40265
6.862078

30.75726	11.58393







7.055206	29.06972	5.068824
5.511922
33.86088
38.12883



3.375856
15.34387	5.628742	24.53768
37.52886	1.74767
32.59571

16.24176


31.04349	20.942
30.76978	40.73185
37.33782




5.757029

38.356
32.9184




32.37187


36.64245
6.962874



19.8224

2.975841


33.27782	3.929178
32.53728	7.036742


15.16952	9.437222



3.355949

11.98351

37.64333


1.62855
32.9803
37.99686
33.77323	4.298596

0.3471402	37.53579	3.238134
39.95045

18.65164

33.44668	2.941549
30.49487

28.21146
41.24528
18.76209


0.0805721
18.15226	11.60373
7.047819
48.46412	12.05206

23.824

10.92964	5.658796
30.29186
21.78313

28.64529
33.24194	5.768151

48.80516	38.94681
29.51187
49.42952	4.148898
48.33752



1.154953
30.53224	5.67517
24.3836	2.751179
1.400974
6.844308


1.358102	0.7911855





12.72894
6.254633


6.800687
5.158758	3.180972	6.536121
37.71396	1.331792	0.6688187
38.55942
30.30985	14.41295

6.629995




6.952364





0.5741647

33.59469








33.14447	12.26129
36.29549

3.152116
6.021225
36.17523

6.344587

6.313318


4.738145

29.04168
11.2637

13.84227	17.31832

13.48733
6.506602

37.97689



33.55138
6.179488
1.298176
21.39514

34.31835



4.484282	3.420506

48.5836


2.478363
0.1108941

4.797012


9.599067

4.40106





30.27922	16.16668	2.886515
33.08231
35.45761

4.165772
46.44164



35.05022
37.84227	6.983101

6.082162




4.104779
33.55658

19.77212
37.0098
0.5761931

10.7336
6.104193	30.45506




0.8581571

2.343642
30.26804	2.103315	6.065746





2.713034




9.953749
32.78407
32.29011	25.46196
36.50502
1.395556	6.987334
33.93426


6.731526
5.840785
33.89552


38.16881
2.865304

32.20527

32.54356
36.74538
32.07552
14.74522



33.0647
47.92577	33.35693	4.980654	4.237831

15.43134

30.41662	15.66478	15.99611



12.10293

32.72344	10.82394
3.727498


33.2657


39.89517


2.888143
48.54487
48.47111
31.79596	27.56508
38.13457	33.83321
33.70614	15.52808
1.212065


4.205132
39.20351
33.93816


7.134947

