SpeciationRates
0.5669957	0.3612183
0.5238373	0.1823237
0.4957902	0.2483319	0.5431796
0.4767767	0.1906744	0.5700855	0.4952049
0.5341858	0.2237791	0.5534661
0.6541821	0.07728935	0.4718038	0.5670818
0.4843214	0.06310979	0.5059984	0.477809
0.5798699	0.1172851
0.6208357	0.1248435
0.7586935	0.1625032	0.5725948	0.4807082
0.506882	0.2348739	0.6263389	0.8946657
0.4773874	0.2057352	0.6338871
0.5476675	0.1853998	0.6187186	0.2790388
0.6588754	0.2413646	0.5602574
0.5742811	0.1492132
0.5459904	0.2730409	0.5451835	0.5998599
0.5554885	0.1543662	0.6272694
0.570995	0.2186772	0.5687661	0.3752326
0.4586298	0.2140604	0.5991495	0.4224913	0.5984683
0.5006924	0.1561677	0.6028168
0.4660125	0.1185913	0.5609147	0.5164176
0.4272363	0.08996243	0.5137233
0.3206889	0.1704466	0.5030415	0.4112852	0.4549521	0.7548749
0.6010145	0.1191435	0.5943337	0.4554814	0.6382376
0.4804896	0.133015	0.5154099
0.4415002	0.2107825	0.6426962	0.4733769	0.5691228
0.5604138	0.1695119	0.6070704	0.4775428	0.3511432
0.5943988	0.1647919	0.4139383
0.5542701	0.1343492	0.5515155	0.6125095
0.5296043	0.08630563
0.5687633	0.1886585	0.6673404
0.4726455	0.1545805	0.6750579	0.4879401	0.4294315	0.4325674
0.6371585	0.2576388	0.6156437
0.4787799	0.19315	0.460361	0.5939996
0.5234454	0.195064	0.4515324	0.6116684	0.4296367	0.6629884	0.6046762	0.3028078
0.622594	0.1480203	0.6065539	0.5948803	0.4406615	0.5169856
0.5171376	0.2611143	0.5800081	0.4083716	0.7761938	0.5509769	0.6516502	0.4810994
0.5880061	0.2776932	0.6440141	0.4714667	0.7552137	0.5305542	0.7244307	0.6117262	0.3928016	0.529951
0.5311598	0.198634	0.7543135	0.5108482
0.4159362	0.2604573	0.5220815	0.481601	0.4809687
0.8127635	0.1729608	0.5514186	0.4869841	0.4337663	0.5607133	0.5507385	0.4077075
0.5775976	0.2258812	0.5219136	0.3657523	0.5474509
0.425948	0.2008598	0.512449	0.7505918
0.3420724	0.2160888	0.529802	0.4321199	0.272036	0.444852
0.4307855	0.2071902	0.6053974
0.4189482	0.2910341	0.6131749	0.5132593	0.5372817
0.5614878	0.2674817	0.6458955	0.5229366
0.4559777	0.2791933	0.6314377	0.6772806	0.4549884
0.3571833	0.2710639	0.6058146
0.4507794	0.248199	0.6333361	0.5954549	0.5195078
0.5668189	0.3050363	0.5948849
0.5085373	0.3167322	0.5605386	0.7342855
0.5470449	0.1517119	0.5967391	0.463081	0.4362805
0.5982778	0.1688137	0.525595	0.6362673	0.5070826	0.2627692	0.5649051
0.520888	0.145965	0.6677426	0.4805268
0.5500916	0.09417302	0.6039562	0.38921	0.6151438	0.5042023	0.5590787	0.4769784	0.6072118
0.5875673	0.1651777	0.6295266	0.4639479	0.4487352	0.5210887	0.4343118
0.375118	0.1835236	0.5949035
0.4894706	0.2164172	0.6118758	0.4676132
0.6418608	0.1166883	0.6553087
0.5262694	0.1914822	0.6104121	0.5663478
0.5823866	0.2285652	0.6021545	0.5583797	0.5353341
0.5194847	0.2304135	0.584603
0.4191601	0.1409623	0.5223878	0.537655	0.5920967	0.4051895
0.4552786	0.2261092	0.5867517
0.416999	0.1186366	0.5795822	0.5881143	0.5571789	0.6082952
0.307392	0.1442261	0.7615163	0.5715504	0.5134028	0.6304356	0.7241426	0.4592311	0.4763919
0.5238687	0.1139912	0.4577425	0.6452079
0.6049833	0.1693321	0.5967315	0.4616713	0.6100018	0.5902652
0.681731	0.2241981	0.6020037	0.3745081	0.58875	0.3659044	0.4474141
0.3976031	0.1328879	0.6155673
0.5536216	0.145107	0.5695594	0.552873
0.8136968	0.1397242	0.5482322
0.5083527	0.1012008	0.664518	0.5164843
0.4162096	0.2046518	0.5869938	0.3401319	0.6416618	0.3821215	0.7180835
0.4730128	0.1580629	0.6133174	0.4331766	0.616182	0.5550967
0.5058624	0.136139	0.535406	0.5639693	0.4062776
0.4347658	0.1717071	0.596384
0.4849857	0.133766	0.6183762	0.603647
0.4831302	0.255089	0.6975233	0.5564013
0.5358551	0.2119992	0.6915801	0.4674156	0.5238784
0.2653022	0.2572109	0.7584783	0.5588153
0.5552226	0.224933	0.7146779
0.2964626	0.1656909	0.6524208	0.4690941	0.359508
0.6029359	0.1377048	0.5493987	0.4838482
0.4611713	0.1474121	0.5057506	0.6540748
0.5134983	0.1530799	0.3764153
0.4691419	0.1574554	0.4718315	0.4862158
0.5942155	0.2100462
0.5838415	0.1739882	0.604718	0.4048574
0.5720606	0.1490581	0.5793409	0.6117924
0.5666698	0.2125295	0.6125546
0.8209652	0.2786021	0.6209414
0.568319	0.2798918	0.6566978	0.7032129
0.4989682	0.2749327	0.5882463	0.7273299	0.5453702
0.5746122	0.2528656	0.780963
0.6237341	0.3673317	0.7846059
0.6317229	0.3612138	0.7782656	0.1383809
0.6398766	0.2976449	0.8728676	0.6114955
0.5590285	0.2928723	0.7080292	0.4733772
0.4998463	0.2997624	0.7165408
0.565568	0.3395902	0.6974773
0.6256819	0.3168768	0.6572318	0.5043629
0.6512383	0.3282948	0.698045	0.2988838	0.2658342
0.5828246	0.2835448	0.7168449
0.5834409	0.2517005	0.7214945	0.2975485
0.5817976	0.2718517	0.7416216	0.7812647
0.6550172	0.2146534
0.6343237	0.08518596
0.5604621	0.1382473
0.7265038	0.1291104	0.5401813	0.6482976	0.5497491
0.5188461	0.1933585	0.54723
0.3747369	0.3220614	0.5074785	0.5324248
0.4191376	0.1761754	0.5545075
0.5953665	0.1991021
0.6015771	0.08629939	0.5761874
0.554887	0.2073644
0.5345224	0.1858972	0.5398672	0.365122
0.3829283	0.3445455	0.5951858
0.4541318	0.1780748	0.5982153	0.3945306	0.4247686	0.6144507
0.4102604	0.2398682	0.6437257
0.6429837	0.2187364	0.6207292	0.531998	0.5438133	0.5159596
0.3836199	0.1882806	0.7038939
0.3229471	0.3402223	0.643347
0.2310525	0.2740366	0.63285	0.4568694	0.4002814
0.4852828	0.2475833	0.6222525
0.5985149	0.2185335	0.6536545	0.4205846	0.213061
0.486232	0.1551677	0.6273974
0.4883314	0.1475821	0.6616063
0.2955037	0.1940172	0.6221959
0.3574094	0.2126198	0.6030867
0.3687182	0.120369	0.5652635
0.3931796	0.2450876	0.5770528
0.6218044	0.1171121	0.4937076	0.368267	0.6591317	0.4249156
0.468155	0.1391791	0.5155348	0.2974415	0.5317144
0.5022034	0.1706658
0.5064495	0.2063332	0.5568377	0.4984862
0.4111631	0.1323835	0.6001013	0.5616989	0.423111
0.4700947	0.1674292	0.5871821	0.4303788	0.6201895
0.5529238	0.307179	0.6396738	0.3608618	0.5276422
0.4278965	0.273424	0.6231117	0.4216286
0.4930052	0.2064043	0.6269688	0.5366567	0.3842921	0.6053315	0.4606874
0.6884038	0.2306629	0.6093942	0.4528914
0.6131595	0.2911221	0.4961698	0.602116	0.5602679	0.4559002	0.820073	0.4524053	0.3231535
0.4658961	0.2591909	0.7946517	0.6531591	0.546569	0.4353524
0.3974617	0.252648	0.7580645	0.4698471	0.4926521	0.3499736	0.6295592	0.4624995	0.5199104
0.3481924	0.3217804	0.4808404	0.6882006	0.8821532	0.4321372
0.421966	0.08777892	0.6275475	0.447295	0.4325971	0.4415482
0.5799575	0.1934735	0.5740379	0.4221031	0.4359752	0.5701084
0.5261541	0.1047047	0.6678879	0.5899309	0.433683	0.4329007
0.4652353	0.1242555	0.9826035	0.5802453	0.4256378	0.442536	0.5291616	0.2798672	0.2338507
0.4876746	0.1204855	0.8705956	0.2914855	0.6153552	0.3929954
0.3712952	0.09642281	0.6434821	0.1684016	0.5091801	0.3623171	0.342954
0.3829703	0.1387387	0.7121477	0.290485	0.5444264	0.4475108
0.7254415	0.2368894	0.4444486	0.4984568	0.3507379	0.6894303	0.4620223	0.6360508	0.4992305	0.6418291
0.4029196	0.1638608	0.4669822	0.5329473
0.4687185	0.0661007	0.6259782	0.4116319	0.5347678
0.3974722	0.1910823	0.5644595	0.3827844	0.4486279	0.528167	0.199167	0.7055598
0.316447	0.1101136	0.5530317
0.3065019	0.3332341	0.5455128
0.4215727	0.1198643	0.5609975
0.4867641	0.2065338	0.7625133	0.5621018	0.4654814	0.6537585	0.4121608
0.3900414	0.376232	0.6536935	0.4113814
0.4751937	0.2312049	0.6184347	0.416559	0.4083373	0.6068415
0.4900707	0.2258432	0.7055769	0.5465453	0.4599319
0.6279866	0.1277122
0.5044168	0.196288	0.6233073	0.5826287
0.5750808	0.2225815	0.6627805
0.555295	0.1545027
0.658744	0.173659
0.6636845	0.2416785
0.6959493	0.1410167	0.6973354	0.653482
0.7466136	0.2398189	0.5179955	0.6652888	0.586189
0.6950164	0.3154103	0.6153751
0.3758856	0.284754	0.6253543	0.6029079	0.1400625
0.6489171	0.3789446	0.07007971
0.6960268	0.462288	0.03407364
0.5707768	0.3962572	0.0529306	0.7331327	0.4766911
0.6363236	0.04450569	0.4141452
0.6469557	0.2237499	0.3579635
0.790678	0.136858	0.6538623	0.6107337
0.65702	0.2783158	0.7210581	0.5491292	0.639935
0.7187057	0.3560216
0.7135385	0.359604
0.6585974	0.3007	0.832286	0.489382	0.7308633
0.5587614	0.3073232	0.7605648	0.5531001
0.6760011	0.1833284
0.5845364	0.1347884	0.6300939	0.4876295
0.6262921	0.3100784	0.6460159	0.6316086
0.6651552	0.1705517	0.7419986	0.6581974	0.629864
0.517781	0.1905058	0.7500613
0.4594957	0.2620858	0.7263311	0.4540567	0.5000052	0.3996291
0.4499088	0.188504	0.7807536
0.4533181	0.2191152	0.661479	0.4636872
0.7324612	0.1368525	0.6585299	0.4597313	0.3296865	0.6709476
0.4635553	0.2185383	0.6948275	0.4704922	0.79023
0.4777155	0.3434104	0.7168993	0.6016717
0.5561458	0.3157346	0.7691812
0.5183754	0.2912682	0.6343585
0.4052903	0.3423963	0.7053268	0.6805252
0.7671745	0.3723619
0.5768932	0.2387994	0.6772978
0.5783553	0.3086841	0.6876756
0.7369793	0.3341268
0.6385259	0.2380571	0.7070072	0.4780814	0.6505879
0.6425522	0.3307702	0.6447988	0.4550353	0.4607141	0.5689565
0.387888	0.3583553	0.6768812	0.5034551
0.520395	0.2468849	0.7119288	0.6226809	0.4626909	0.4541687
0.5245337	0.3127523	0.7437577
0.4709793	0.2737199	0.6952336	0.6520569	0.4700005
0.5486261	0.3010378	0.6937084
0.4826394	0.3251003	0.6524037	0.5361319	0.4925792
0.3474631	0.3603314	0.6789683	0.4874854
0.6398937	0.2468351	0.7110401	0.3857405
0.5912857	0.4250851	0.7093075	0.5274876	0.4802071	0.4449126	0.5023682	0.5670436
0.3893509	0.2977511	0.7181423	0.5024745
0.7372584	0.2201231	0.672984	0.4130526	0.6549369
0.6885245	0.3179669	0.6580854	0.5409101	0.5491708
0.3620981	0.3370484	0.7561849	0.5097234	0.6996543
0.5341819	0.3597923	0.7291138	0.643514	0.45911	0.3938615	0.730546	0.4911693
0.5954023	0.2543695	0.7120697	0.3329384	0.5341357	0.5001338	0.2344266
0.7032047	0.3159413	0.7207679	0.5084809	0.4018025
0.5087312	0.3260184	0.6354084
0.4596495	0.2560726	0.5963079
0.5327848	0.2385086	0.6915823	0.7372321	0.4241011	0.5467654
0.2383593	0.2265161	0.5669402	0.4070254	0.5370967	0.3811544
0.437088	0.2533499	0.6033477	0.4798053
0.4831492	0.1528265	0.6528016
0.4374524	0.1318325	0.6028474	0.5457014	0.4228058
0.5318918	0.07768411	0.661737	0.5987888	0.458655	0.6612264
0.6359866	0.1834461	0.6630566	0.4985825
0.6911817	0.2515912	0.6616824
0.452723	0.1752862	0.7899489
0.6198178	0.2606019	0.7285612
0.3455943	0.2389654	0.6925317	0.554866	0.4286947	0.6798654
0.8065395	0.2195789	0.6348332	0.3669441	0.6935325	0.4785619	0.6736386
0.538477	0.1657999
0.4506703	0.2469602	0.6712707	0.5396516	0.5761028	0.4685769
0.5236938	0.2247654	0.5243279	0.5032529
0.518125	0.2814024
0.5342141	0.1257197
0.5136597	0.1673964	0.5764254
0.5458072	0.1541592
0.5280126	0.1258956	0.5335558
0.530268	0.2318623	0.5631733	0.7417188
0.5500649	0.191236
0.3770441	0.1649055	0.5008756	0.4385189
0.618806	0.1615021	0.4766564	0.4739394	0.5507987
0.5217823	0.144782	0.5557589	0.4473321
0.4395637	0.1530658	0.4929942	0.5399314	0.6556584	0.7489398
0.637969	0.1007533	0.6079874
0.5837926	0.1579414	0.5981522
0.5633589	0.2738353
0.5383728	0.09392748
0.5828517	0.3088388	0.6093347	0.4968493
0.6239957	0.2951501	0.6194382
0.528074	0.2737403	0.5504049	0.4902278
0.6344457	0.1238975
0.6015344	0.1958699	0.5023042
0.5451229	0.2065196
0.5779436	0.2162965	0.5464039	0.5321768
0.3734897	0.1544434	0.5877886
0.6433699	0.1454174	0.5725973	0.6432103
0.6446906	0.2801386	0.6733122	0.6303224
0.4431737	0.1261032	0.6066854	0.7318738
0.6163642	0.2120855	0.5618676	0.3685325	0.4329211	0.4263958	0.5649042
0.5261113	0.3205998	0.5806017
0.227464	0.2867925	0.5615367
0.3725609	0.3292372	0.6557654	0.4515272	0.694515	0.7125905	0.8032583
0.5634756	0.2477745	0.6556874	0.6896128	0.6355388
0.5958311	0.3814774
0.7025978	0.2066273	0.6004408
0.4270729	0.1605097	0.6019572
0.603691	0.2702769
0.60861	0.1375977	0.5589903
0.5719644	0.2777478	0.6025257
0.5678186	0.3073745	0.5619035
0.5915876	0.3086175
0.6534654	0.3698697	0.6438082
0.3541047	0.2286726	0.6263912	0.6289649
0.4823609	0.1849398	0.65583
0.3662066	0.2468826	0.5638874	0.2351772	0.3898143	0.3962972
0.3965157	0.22153	0.6025333
0.5040554	0.1776599	0.628156	0.3829793	0.4323267
0.4346563	0.1788088	0.585018	0.4941333	0.3384394
0.5131043	0.2058976	0.545173
0.5034914	0.2422271
0.5503457	0.2759972
0.5663559	0.1874223	0.5301343
0.5485298	0.1255839	0.5727708
0.2410785	0.1676034	0.4482322	0.6138372	0.5487926
0.5650486	0.1293531	0.6002605
0.5956977	0.1487604	0.5382231	0.18116
0.6733025	0.09810282	0.5411571	0.5983623
0.3901632	0.1544242	0.6799042	0.5513773	0.4290584
0.5310686	0.1968934	0.5371159
0.4875051	0.1285192	0.5393812
0.511702	0.1231447	0.5448487
0.5105879	0.1217357
0.4932402	0.08954666
0.621269	0.2128601	0.5626823	0.3070355	0.4569013
0.7912512	0.1496383	0.4853903	0.4906363
0.440012	0.2092575	0.6091061
0.4418145	0.1592146	0.6302667	0.5153062
0.4647681	0.1716438	0.6852682	0.5341186	0.5392852
0.476862	0.1724402	0.7174634	0.6018707	0.4288066	0.5638763
0.437928	0.3466171	0.6017429	0.4476258	0.4063406
0.6995021	0.3035426	0.8136083	0.4963286	0.4845116
0.6149464	0.2867874	0.7020725	0.5176108
0.5242823	0.283697	0.7209454	0.5102216
0.4636309	0.2459637	0.6002236	0.3558206
0.377815	0.2595651	0.6301808	0.4443954
0.526266	0.2486695	0.7021204
0.4549709	0.3060925	0.6965109	0.4879422	0.4506601	0.5106492
0.4232918	0.278848	0.7370867
0.4512559	0.2595183	0.6258475
0.6933204	0.2162192	0.6533785	0.4904923
0.4680571	0.3133268	0.6689862
0.4968964	0.3324365	0.6945894
0.4456336	0.2695219	0.6525503	0.5032606
0.4007087	0.2849592	0.6043218
0.4863233	0.3588122	0.6169521
0.6119666	0.3827102	0.6504908	0.4389911
0.5451865	0.2720557	0.7529175	0.5090735
0.5940016	0.3029625	0.7375565	0.4817362
0.5897782	0.2858386	0.7350646	0.5658068
0.6795631	0.2650433	0.5601923
0.5232754	0.2815649	0.612043
0.6359454	0.3217537	0.6121552	0.564334	0.5352697	0.4737887
0.5386872	0.2578715
0.4879876	0.3031961	0.5555454	0.495447
0.5285328	0.1761304	0.4929756
0.4856447	0.1887863	0.5538642
0.48452	0.1217263	0.5198046	0.6641631
0.7731555	0.07902123	0.4184848
0.606854	0.1654735	0.4421978	0.6847648	0.6669745
0.6198362	0.09024179	0.4664495	0.6863715	0.5661696
0.6599177	0.09773285	0.4870753	0.6204003	0.578816	0.7030842	0.7326903
0.6010931	0.05838559
0.7764937	0.2339294	0.7375476
0.7005296	0.6726711	0.1725827
0.4708337	0.1617268	0.4435585	0.7003998	0.5019575	0.2483518
0.504501	0.2565067	0.5291626	0.7067173
0.535737	0.1916458	0.6222357
0.4098042	0.1549052	0.5683052	0.6318752
0.3629871	0.1803401	0.4923944	0.5322051	0.6758678
0.312885	0.1712163	0.6392113	0.7189605	0.5895824	0.5005562	0.6444336
0.5191024	0.1058854	0.5886121	0.4903652
0.6908003	0.1409671	0.6969087	0.4888229
0.5230266	0.2642105	0.7553156
0.4484821	0.2432675	0.6996696	0.5933388
0.5414971	0.2024988	0.6893025	0.5421802	0.4248763	0.7825746
0.5806838	0.1621279	0.6460134	0.4947836	0.3551798	0.5986124
0.517948	0.195045	0.6414564	0.2932365	0.620417	0.4494405
0.4591616	0.1226699	0.6309319	0.3669145
0.4285513	0.125342	0.5710247
0.4157984	0.2329475	0.5967359	0.4979332
0.660731	0.1671915	0.6029067	0.4413726	0.4688897
0.4840375	0.2304231	0.6836959	0.4818838
0.448194	0.2886533	0.6031987	0.4180189
0.4020821	0.123556	0.6428662	0.3909282
0.527971	0.08603507	0.5579901	0.5036837
0.7019101	0.1664891	0.4358233	0.5947812
0.5843961	0.2094079	0.6603322	0.522902	0.4064957	0.4608254
0.4419984	0.1697917	0.7156205
0.381306	0.2314373	0.6637288
0.4670164	0.1379754	0.6289507
0.5202105	0.2952001	0.7119767
0.5274297	0.2448939	0.610162	0.4888292
0.4735005	0.1842687	0.6348042	0.6214416	0.4026672	0.5053995	0.4995101
0.3818841	0.2662355	0.6217445	0.4397631	0.3226715
0.5156807	0.3266243	0.6094131	0.43824	0.294654	0.654402	0.5299867
0.1864228	0.2652179	0.4148157	0.6140876	0.5975755
0.4660406	0.6796241	0.178654
0.4973941	0.6762296	0.2255575
0.6260871	0.6509701	0.2629279	0.3550554	0.386103
0.4543477	0.7226144	0.2537954	0.3878913
0.3355793	0.1033977	0.5640883
0.5224279	0.2390446	0.5021156
0.5155636	0.2088538	0.6449324
0.581441	0.1146497	0.5563067	0.5384641
0.5940484	0.1155834	0.5727217
0.5785573	0.1268996
0.4759125	0.15379	0.5769905	0.2636971
0.3123256	0.2118673	0.6206177	0.5432302	0.7034864	0.4726262	0.7522336
0.6430947	0.253328	0.4465851	0.5870547
0.4317602	0.3188523	0.5350961	0.5062487	0.6239804	0.6851938
0.2641454	0.2456977	0.5472866
0.5380699	0.2046505
0.4607621	0.2368535	0.5140655	0.5193314	0.533944
0.4485024	0.1955108	0.5315619
0.5814724	0.1968286	0.4958869	0.5483455	0.5160155
0.5342205	0.213188
0.5739454	0.1684141	0.5673742	0.6252865	0.5495457	0.4824342
0.583143	0.2268447	0.5857304
0.5409667	0.1868603	0.6589492	0.5568098
0.5945456	0.1411482	0.3968712	0.6886614
0.6368402	0.1086774	0.4018738
0.5854713	0.138372	0.663332	0.560768
0.699393	0.2202084	0.6316148
0.3389824	0.2335114	0.5897969
0.599937	0.2020901
0.571486	0.2291342	0.4921971
0.6054934	0.2023944	0.5028793
0.6398973	0.1605515	0.5319117
0.5834993	0.2238262	0.5214895	0.6633329
0.6097921	0.1763562	0.5092009	0.4212934	0.5382168	0.5688064
0.4078976	0.154656	0.5902222	0.5019248
0.6437469	0.3149197	0.5372922	0.389705	0.6947854	0.4232267
0.4779818	0.379169	0.7786599
0.4821866	0.3686727	0.7522081
0.4325715	0.2444341	0.6844005	0.4804456	0.7045509	0.4129814
0.606947	0.2329678	0.6763387	0.5274152	0.4820654
0.4293027	0.2730293	0.6609824
0.3865315	0.1854098	0.6273534	0.402171
0.2292605	0.2013854	0.562234	0.4242078	0.4157353
0.4827023	0.1822701	0.5795635	0.4004103
0.7454493	0.07570133	0.5655291	0.3401143
0.3812069	0.1319154	0.6003786	0.3681823	0.3101326	0.5454013
0.4014207	0.3948352	0.3366428	0.6666218	0.3273405	0.423619
0.6782661	0.3352396	0.1684845	0.6175976
0.6173133	0.1847633	0.6160667	0.327846	0.6427857	0.5648831	0.7015934
0.6692751	0.2597129	0.6657775	0.3231309	0.5684685
0.4803409	0.2757422	0.5898035	0.3191516
0.4611001	0.3386434	0.510806	0.2881434
0.4367284	0.2018728	0.6129455	0.3506746	0.4588343	0.5353736
0.5173791	0.2330259	0.6129455	0.4114792
0.2069386	0.1728133	0.6403301	0.4024461
0.3700567	0.2881581	0.5550394	0.3507094
0.4122083	0.1693339	0.5496251	0.309337
0.770725	0.1161198	0.5642871	0.3328687
0.5321382	0.1273028	0.5614593	0.3534245	0.4870879	0.3574657
0.3436885	0.2016389	0.5425308	0.4974732
0.3429983	0.1991311	0.5407912	0.5143248
0.5656107	0.2413642	0.5811678	0.3615967	0.5280934
0.5159184	0.2001398	0.28341	0.707584	0.3752394	0.4419288	0.558177	0.3223693
0.2564922	0.2335569	0.7191877	0.3736103	0.534023	0.3494189
0.3775275	0.1618046	0.717089	0.3875655	0.2493341	0.4985786
0.5316495	0.1639131	0.6464492	0.3898573	0.421458
0.3802094	0.1519158	0.6306579	0.6396802	0.3578007	0.4334898
0.6806595	0.1751445	0.5310448	0.5976064	0.3597541	0.391883	0.5416692
0.3912232	0.335843	0.6552149
0.3395266	0.2607829	0.5662767
0.3912529	0.1527354	0.5987596
0.397498	0.1834867	0.536905	0.4272822	0.3774415
0.6004743	0.1920734	0.5990114	0.3716481
0.3727837	0.2632143	0.6423992	0.3496073	0.5927146	0.3370763	0.3933744
0.2688246	0.270199	0.7009651	0.6983546	0.4996418	0.521648	0.4021354
0.4247816	0.279456	0.67987	0.4204462	0.4259445
0.5299981	0.2446588	0.7398521	0.4162804	0.3978749	0.5536649
0.3624108	0.3167931	0.6249729	0.4712063	0.3604627	0.5008969	0.1927332
0.4054372	0.2599248	0.6065795	0.4186508
0.3868696	0.1093908	0.5833938
0.4076555	0.2759849	0.5826964
0.4516757	0.2871474	0.6341782	0.4162002
0.4982958	0.3204929	0.6372355	0.4270702
0.47469	0.1030997	0.6284367	0.5106264	0.7000209
0.3977899	0.1527386	0.6013875	0.5684334	0.5145662
0.3762347	0.03768489	0.7018871	0.4341527	0.4670021
0.4006779	0.1281312	0.6233174	0.3873574
0.4134557	0.1523148	0.5766244	0.3771722	0.3717538
0.5386476	0.272451	0.6503451	0.4152453
0.5601255	0.3375095	0.4234507	0.5526626
0.4925819	0.1904684	0.5661693	0.3712317
0.7160493	0.1520698	0.6551469	0.4005227
0.4523986	0.2682589	0.6876602	0.3539148	0.3766967
0.4133047	0.2332088	0.698169	0.5536604
0.4192787	0.2312468	0.6615458	0.5048934	0.2863	0.59355	0.4887667	0.4164471
0.5002375	0.2230556	0.420039	0.6341384
0.4550381	0.1323846	0.5356896	0.403026	0.5536714	0.4640127
0.4819317	0.2350288	0.620173	0.4380847	0.5211586	0.4171074	0.441648
0.4182214	0.07174211	0.5968218	0.4664146	0.4613396	0.4657602
0.3268679	0.17786	0.6138121	0.4105514	0.3434147
0.511125	0.32242	0.7706414	0.4099547	0.5657347	0.4340402
0.3569549	0.3455913	0.804819	0.4750792	0.5316751	0.4815103
0.4522324	0.3035303	0.5590438	0.3491125
0.5043136	0.2319556	0.6338647	0.4428565	0.3061324	0.3864112
0.3897978	0.3135415	0.6489922
0.4455012	0.2292176	0.6570514	0.435933
0.4231685	0.2861957	0.5487365	0.4041816	0.4286337
0.6676308	0.1790923	0.524426	0.4647555	0.4047644	0.5193189	0.4902194	0.5524641
0.576686	0.1560724	0.2557493	0.6459652	0.5797974	0.6643515
0.5224092	0.1506942	0.79999	0.5456616
0.5497238	0.1398134
0.5669068	0.2138851	0.5033087
0.5692083	0.2159291	0.5635211	0.508894	0.5804756
0.5737728	0.1741529	0.4917593	0.5422499	0.5448231	0.6200763	0.6365523
0.5731204	0.139831
0.4017121	0.2282164	0.5810217	0.498501
0.448407	0.1397465	0.6422947
0.5410439	0.3283711	0.6263879
0.4594828	0.2569145	0.6721767	0.4460607
0.5216649	0.2997464	0.6329556	0.4543638	0.6005304
0.4791291	0.1442134	0.7049543
0.5681256	0.3526023	0.7655526	0.5857711
0.4735997	0.2865663	0.7700997	0.5571379
0.3893056	0.1923222	0.7262526	0.630394	0.565929	0.5307078	0.4570286
0.5186615	0.3112016	0.6104304
0.6280894	0.1498997
0.5242446	0.2547324	0.6301331
0.599723	0.2253131	0.6386082	0.161864
0.6761158	0.1379829	0.5387506
0.5309143	0.141245	0.667628	0.3119139
0.587951	0.3127617	0.6031888	0.2780387	0.6321809
0.6326469	0.1855697	0.7763144	0.3519817	0.6474159
0.6789921	0.2006875	0.6557228	0.4185107
0.528719	0.2193699	0.6798872	0.3631733	0.6034852
0.6250066	0.2651123	0.4382078	0.46813
0.5944341	0.1801686	0.3665482	0.5860497	0.3703187
0.2406694	0.1215927	0.6162667	0.3396323
0.5163248	0.2608397	0.5778544	0.4296389	0.7497243	0.4454701
0.5039367	0.1671105	0.6562412	0.3122266
0.562301	0.1479126
0.3610645	0.104208	0.7274082	0.4760151
0.6649498	0.1159611
0.4782724	0.1332643	0.6263214	0.4355165	0.6493651
0.5607477	0.1285003
0.4938557	0.2338713	0.5188644	0.560733	0.5883101
0.4418227	0.2728054	0.5349133	0.4350571	0.51766
0.5697769	0.1807816	0.5420702
0.5272511	0.1648529
0.5366726	0.1807709
0.5965552	0.1109729	0.500629	0.5717501	0.5001739	0.5621675
0.6671375	0.2053409	0.597161
0.6039116	0.222318	0.5518709
0.5053245	0.2213437	0.5899259	0.5230465
0.7722871	0.2017251	0.5464763	0.6301252	0.6220667
0.5982926	0.2524867	0.5494276
0.2891485	0.2959866	0.568563	0.6129783
0.6330211	0.2732657	0.6780844
0.6636265	0.2312709	0.6969599
0.6796844	0.2966514	0.6559702
0.7255378	0.2145348	0.6843424
0.7030146	0.2792295
0.7553644	0.2922653	0.6530299
0.7648484	0.2209996
0.6178207	0.3204577	0.7551565
0.3991826	0.2812048	0.7623334
0.5943049	0.3069947	0.7378781	0.7396984
0.5293843	0.2538083	0.7339236
0.7104466	0.2756665
0.7287222	0.4269765	0.7087609
0.8256181	0.6618811	0.08824556
0.7937439	0.4855442	0.2143985
0.7486181	0.5836684	0.2087919
0.7547292	0.4541809	0.1394637
0.7443224	0.382675	0.2588059	0.9187807
0.7381049	0.427061	0.09019458
0.8410936	0.5562	0.06082522	0.7422125	0.6764474
0.739947	0.4425477	0.07669073	0.7321754
0.5759959	0.4828389	0.0747959	0.8192899	0.7012435
0.5703975	0.2865969	0.793951	0.4930443
0.6132999	0.2593771	0.8658839	0.8113293
0.7609398	0.4350668	0.8438041
0.8081929	0.2752171
0.7308074	0.2803237	0.7237486
0.5186032	0.2795469	0.64771	0.665771	0.5425671	0.6110686
0.5803739	0.3139377	0.7060469	0.586334	0.5329659
0.4899046	0.3364634	0.7949971
0.7804064	0.2370048	0.509869	0.7323013
0.6195134	0.2409739	0.6876927	0.4548498
0.6776035	0.3621248	0.4468091	0.8009291	0.6025123	0.4394964	0.5560068	0.6729483	0.4755208
0.5720748	0.2916885	0.6903826	0.4440253	0.4741622	0.3608926	0.3083061
0.7943263	0.3145459	0.7109118	0.3644241	0.4384803
0.3684887	0.2285752	0.6227868	0.3308657
0.3977847	0.1403879	0.5815196
0.4457903	0.183499	0.3598089	0.5225111
0.337158	0.1891259	0.5115726	0.4027114	0.4603846
0.5435635	0.2979493	0.4208037	0.4476753	0.5720341
0.6406796	0.1823694	0.4944763	0.6754116
0.5506552	0.258675	0.5592988	0.5981237
0.5828622	0.2819672
0.8265116	0.2463482	0.6171385
0.6222865	0.1769294
0.642726	0.1217567	0.6095579
0.6262619	0.1637709	0.3141677
0.5721738	0.08772639
0.50631	0.1581306	0.5930598	0.7040963	0.7154254	0.3613258
0.4112336	0.228902	0.5570189	0.7315644	0.5840001
0.7645464	0.1852832	0.7492566	0.6144463	0.7292864
0.7347313	0.1452677
0.8214066	0.3179724	0.7251005
0.8371101	0.3419974
0.8522611	0.3227341
0.768296	0.3409031	0.7144236
0.7391579	0.4825103	0.2405157
0.9274819	0.2191681	0.6777556	0.7365078	0.3072479
0.6971735	0.1984689
0.4712597	0.2406878	0.7020934	0.6204133	0.5140953
0.6818505	0.1703172	0.5249089
0.5950732	0.158099	0.6605616
0.6329979	0.2114881	0.5657428
0.4416822	0.1149916	0.6093135	0.7123124
0.5624679	0.1530341	0.5989306	0.5825047
0.4322271	0.2457822	0.6112611
0.6590468	0.2764245	0.656163
0.5657873	0.180068	0.6183263	0.6129209	0.2964101	0.450789
0.6052349	0.2850767	0.5676805	0.5332076
0.308002	0.1710546	0.3339579	0.5663399	0.5774046
0.5094335	0.2275056	0.5600764	0.3625584	0.3642805
0.6184322	0.2415176	0.632194
0.6299484	0.2341204
0.5997531	0.1736351
0.6530412	0.2191637	0.6166056
0.5287374	0.08947071	0.5023365	0.8466996	0.7118261	0.5873732
0.7258017	0.1261185	0.5525976	0.3971541	0.5429781
0.4429021	0.145882	0.2905806	0.6531212	0.6045348	0.4766683
0.414578	0.1893905	0.2785966	0.6383463	0.5759323	0.4968677
0.5574078	0.305537	0.535625	0.3700827
0.4236103	0.2801109	0.6405413	0.4033269	0.6309826
0.3873617	0.2615926	0.659483	0.3746009
0.4487529	0.3149659	0.6680084
0.4463496	0.2340203	0.4597869	0.3507436	0.6528561
0.3664391	0.1824945	0.6494037	0.5113742
0.2766753	0.1910615	0.486285	0.3739777	0.6414138	0.3251996
0.2921682	0.198433	0.6587555	0.3302386	0.5409543
0.4589903	0.2820429	0.6371393	0.2674446	0.2967959	0.586945
0.3245986	0.3247652	0.5824777	0.3180289	0.5130922	0.4800086
0.2500813	0.2987652	0.5951664	0.5991882	0.3365825	0.4044731	0.380365
0.3740771	0.3469509	0.5675738	0.3447318
0.384758	0.3010834	0.6831725
0.5502806	0.2683637	0.5039949	0.3621091	0.2207967
0.4869824	0.2112423	0.6175885	0.3973763	0.5468285
0.4504283	0.2669872	0.6609069
0.6132987	0.1387885	0.6269103	0.3022804	0.6379798	0.5773015	0.354523
0.6401771	0.2458447	0.6525274	0.275687	0.5395145	0.0971954
0.5203235	0.6706475	0.3581427	0.1816339	0.6210412	0.5855927
0.4099166	0.5778146	0.2102017	0.4413223	0.572943	0.6134186	0.5918283
0.644219	0.1397291	0.3568981	0.6117563	0.6341254
0.6189446	0.1727993	0.660855	0.5467911
0.6191768	0.2672134	0.7174106	0.5710318
0.3981405	0.3533886	0.7036102	0.6132162
0.6157824	0.3110628
0.5493333	0.2792897
0.5992173	0.289213
0.40397	0.1240463	0.7010537	0.5322497
0.4387718	0.2525299	0.6068931	0.5747598
0.6004105	0.2569612
0.5429699	0.1535343	0.5796151
0.5210839	0.19343	0.5871736	0.5839911
0.6793621	0.1966551	0.6120841	0.3848474
0.5750098	0.1576372	0.6683781	0.6488803
0.5851751	0.2566453	0.4795455	0.5896043
0.6093771	0.2030066
0.5925678	0.27824
0.5522359	0.240976
0.5788203	0.1495753
0.5483459	0.1721048
0.5647754	0.08874744	0.570931	0.7474114
0.6270509	0.1328615
0.6871325	0.1161884
0.5683743	0.2705004
0.3858984	0.166738	0.5630925	0.4269959
0.6963933	0.2077652	0.5780558
0.3917041	0.1989723	0.5749827	0.6056393
0.4831481	0.3330989	0.6477305
0.6377969	0.1931966	0.7941589
0.6789199	0.1785888	0.4927705	0.6087152	0.4008134
0.5606098	0.1071446	0.6432096	0.3903254	0.3667831	0.5448434	0.5047274	0.4555831
0.6424569	0.1425985	0.6128731	0.5532098	0.3503565	0.4262881	0.6309385	0.5438228	0.5618284
0.5687892	0.1601789	0.6922747	0.3217117	0.5642894	0.4981206
0.615158	0.1549542	0.5954963	0.3740815	0.5091821
0.6285144	0.1651106	0.6030593	0.3676105	0.6157799	0.5125574	0.5053091
0.3829856	0.1191077	0.6147668	0.3388843	0.5582518	0.3748479
0.6286311	0.1168263	0.6471994	0.6010242	0.4551395	0.5830984
0.5302316	0.147844	0.7308064	0.4378514
0.6712243	0.195356	0.6411277
0.4111811	0.1263457	0.6366511	0.407451
0.615954	0.1281658	0.6175228	0.4186042
0.5209628	0.09886956	0.488008
0.5856109	0.1757897	0.3146303	0.5259272	0.6397041	0.486476
0.3049057	0.2302802	0.3405903	0.4566023	0.4964626	0.5968889
0.1768789	0.2398163	0.3406281	0.5759988	0.4069582	0.6560448
0.1211784	0.256465	0.4023735	0.6708483	0.5565917	0.6628006	0.69333	0.6537247
0.243441	0.3029112	0.4854513	0.5698472	0.5798875
0.5137578	0.3436685	0.787911	0.5222869
0.4353142	0.1468918	0.690277	0.4827489
0.4207025	0.1327926	0.6856075	0.5419086	0.5132764
0.5008818	0.133926	0.5410173
0.5236617	0.07754933
0.4843025	0.1856577	0.36553	0.5896398
0.6046952	0.1566352	0.4831643	0.6713743
0.8462786	0.1493816	0.6471383
0.5252902	0.08306573	0.6072629	0.5836977	0.6332652
0.4024459	0.1773191	0.5429328	0.5283279
0.6239522	0.1978111	0.6668418	0.5983562
0.5235803	0.2248726	0.6630166	0.5464267
0.558461	0.1821876
0.5499288	0.1527014
0.6999901	0.1991721	0.5846473
0.7228225	0.2357751	0.5968099
0.6530855	0.2803534	0.557693	0.4321206	0.6794891
0.5045952	0.1710073
0.4312196	0.2283461	0.5431498	0.4107982
0.5558584	0.3311051	0.6486332
0.5354827	0.2947665	0.6873354	0.6739186
0.6398735	0.255132	0.6346685
0.5594723	0.1948968	0.6025715
0.5997423	0.2222772
0.5677993	0.1411638
0.5411391	0.2208236	0.6522846	0.6098767	0.4158718	0.2628307
0.4507024	0.258632	0.6313795	0.2253325	0.5138342	0.701099	0.5138608
0.5056466	0.1701226	0.5757806	0.2192255	0.3918194
0.4503949	0.151445	0.6311733
0.5147844	0.1380232	0.7357568	0.5043731
0.451056	0.1482968	0.5757295	0.564025	0.7324438
0.6340865	0.2018571	0.6087071
0.6857649	0.1994028	0.645342
0.6399746	0.1611134
0.6031291	0.1736924	0.5848979
0.5650032	0.1534516	0.6043347
0.7544274	0.1627322	0.6159616	0.7255232	0.5342528	0.6281235	0.4251158
0.8642475	0.1636709	0.7406051	0.5386972	0.6248449	0.5495476	0.5446544	0.5861665
0.7173831	0.2569235	0.7663562	0.5049097
0.5637469	0.1528376	0.782019	0.5583467
0.8069168	0.2237582	0.6338248	0.468241
0.6917459	0.1913725	0.5786143
0.6078537	0.1743382	0.6255421
0.5818466	0.1819855	0.547296
0.5461216	0.2997275	0.5830774
0.6067264	0.3213698	0.2624908	0.5345091
0.5507253	0.2773174	0.5672001	0.6130106	0.5700248
0.4954562	0.3418245	0.6321383
0.6064664	0.253299
0.7237186	0.2642648	0.5555234	0.6636525
0.687095	0.3551938	0.6733964	0.623698	0.5526561
0.5859822	0.1958054
0.5071133	0.08616353
0.5960412	0.1308681
0.4854516	0.2396998	0.5634864	0.576312	0.5000581	0.4123304
0.5395709	0.224191
0.5674769	0.1715409	0.5746132
0.5183662	0.1797134	0.582239	0.5978871
0.3028391	0.1739127	0.6060263	0.5647864	0.4360767	0.6126799	0.6957323	0.300894
0.708507	0.1362687	0.578686
0.5030773	0.1567907	0.6349452	0.6676746
0.5957649	0.2486984	0.6248573
0.3805538	0.1160031	0.5722273
0.5320638	0.2822147	0.6058338
0.5971121	0.2251859	0.5507344
0.5363124	0.209675	0.5307306	0.7637054	0.714507	0.5299482
0.4857915	0.1917893	0.5300848	0.6894668
0.2658122	0.1505397	0.5417969	0.7490626	0.681897
0.5696458	0.1396227	0.7277182
0.5270351	0.1838796	0.6948116	0.7368036
0.6916684	0.2485007	0.7002684
0.7246933	0.268408
0.6723855	0.3257224	0.6597734
0.6827305	0.2387923
0.6289117	0.3020951
0.543115	0.2976136	0.6219756
0.6316921	0.2767207
0.3237203	0.2497834	0.6200132	0.4062809
0.6304427	0.2725178	0.6609634	0.6919169
0.5138468	0.1983705	0.6684508	0.525767
0.3630321	0.2171826	0.6145635	0.4686822
0.6427093	0.2969146
0.6973027	0.2839631	0.574048
0.4922917	0.1961637	0.7277894	0.5782977	0.4982202
0.56971	0.2919456
0.5247752	0.1641296
0.5643589	0.1057644	0.5570004	0.6061304
0.5192971	0.1966144
0.5174897	0.0549052	0.4754715
0.5873512	0.22848	0.4364847	0.4716649
0.3820828	0.2250526	0.5235163	0.5135657	0.3498414
0.3783039	0.1999523	0.6106347	0.5616928	0.5349804
0.5446163	0.3664236
0.6002323	0.1526119	0.5789464
0.5870468	0.1206084
0.6012818	0.1944518	0.5923048	0.3780518
0.5938658	0.2885439	0.576316	0.4476455	0.5988767
0.3948424	0.2235393	0.7086487	0.3733855	0.5637408	0.673173	0.5759834	0.3950304
0.3503934	0.1416923	0.6659806	0.2808326	0.5671881	0.4292675
0.7127023	0.1791554	0.5908783	0.3942942	0.6497966
0.6948798	0.1667994	0.6899402	0.5920075
0.608636	0.1536137	0.6532404
0.8191653	0.1839401	0.5982262	0.4800024
0.4390496	0.1481033	0.5433914	0.5315419
0.5864765	0.1657451	0.6151962
0.5181844	0.1629934	0.6212109
0.5465502	0.214054
0.624448	0.2893816	0.6130273	0.4373344	0.2658532
0.6193894	0.1116488	0.6534438	0.5902879	0.4684735	0.7032471
0.4291648	0.188729	0.5880459	0.4684114
0.3840418	0.1765239	0.5885031	0.442634
0.6127899	0.1050719	0.38006	0.3440466	0.6511713	0.5118183	0.6133623	0.695206
0.264618	0.2781264	0.5398669	0.3707568
0.3936212	0.09991429	0.4676622	0.6543252	0.3067022
0.4014273	0.2172432	0.605816	0.4048094
0.2887042	0.3402511	0.5589612	0.2897584
0.2636783	0.3306542	0.6697452	0.5292026	0.3713348
0.3745195	0.2729259	0.5742986	0.460854	0.6705389	0.3712783	0.3914538	0.4163164
0.5206065	0.1475572	0.6784899	0.4283272	0.42743	0.4150731
0.4826155	0.1228573	0.366649	0.6715591	0.4731933
0.3926636	0.1161678	0.5850945
0.6406505	0.2563185	0.5466391	0.4217192	0.3360778	0.628404
0.519158	0.08381334	0.5703253	0.3328514
0.5245895	0.1444128	0.750447	0.5563716	0.4462456	0.5006133	0.5657972
0.5295396	0.1774228	0.6525799	0.4037446	0.5569766
0.4841401	0.09710884	0.6611312	0.3881054
0.3488302	0.08511066	0.5402895
0.4547834	0.08672385	0.649051	0.4819852
0.3529896	0.1138506	0.6173413
0.487899	0.1267878	0.6203522	0.4196261
0.5826871	0.1171191	0.6158904	0.4488131	0.5068503	0.4176986	0.4732341	0.42566	0.6871842	0.4402035
0.3137957	0.1132081	0.6612982	0.5060019	0.2393478	0.4385964
0.563502	0.1708054	0.3587906	0.4934624	0.6133996	0.4498068	0.5673338
0.7406524	0.1770607	0.6373007	0.4704341	0.4110487	0.471855	0.4417413
0.4624554	0.07686309	0.6417388	0.4688925
0.3959887	0.1828996	0.7148226	0.5166922
0.4328226	0.254052	0.6955601
0.3569819	0.2202999	0.6823802	0.4574817	0.3381754
0.5774366	0.3534512	0.7056419	0.389853	0.5445066	0.4220974	0.6411407
0.4483845	0.2917901	0.6246728	0.4381044
0.5473616	0.3165599	0.8228015	0.5728888	0.5538327	0.5403253
0.4018992	0.3480206	0.730071	0.5122412	0.4506151	0.6689341
0.7884216	0.33949	0.7106822	0.5739894	0.5092091	0.5557017
0.6075763	0.2257908	0.7106822	0.4185045	0.530101	0.5111547	0.7979455
0.6310017	0.3417941	0.7942008
0.6504838	0.2263484	0.8423707
0.6154314	0.3838339	0.8274397
0.4861149	0.2705821	0.7180235	0.5951287	0.436601	0.6104073	0.4631688
0.6658788	0.3413137	0.7309896	0.5279009	0.5853133	0.4758095	0.6467303
0.5332384	0.2532633	0.718317	0.5922068
0.3872054	0.3224537	0.7571865	0.6031885	0.360496	0.4302973
0.3832516	0.3225937	0.6762035	0.631228
0.5673591	0.2448813	0.6330245	0.6546299	0.4882534
0.5489489	0.1219698
0.6315213	0.3257078	0.7255601	0.5843951	0.5618987
0.623574	0.2938712	0.7602403	0.4030517
0.6190968	0.2771538	0.8360096	0.2845074	0.6893907
0.6064238	0.283587	0.6982438	0.2658122	0.6988109	0.5244	0.4792798	0.4031601
0.539456	0.3214579	0.776381	0.5868048	0.6885051
0.5121	0.2877215	0.6517962	0.4893001	0.6442961	0.4768423
0.4745819	0.2829167	0.6218304
0.4867987	0.3226006	0.719174	0.5558541
0.6100724	0.3004167	0.8055638	0.5435659	0.5811236
0.5339703	0.2624081	0.6387186	0.6844793	0.5353221
0.6192269	0.2546062	0.7298403	0.541548	0.3518688
0.8946511	0.3327279	0.6496225	0.4641348	0.394729	0.7160963
0.7060327	0.3076038	0.6909314	0.5381807
0.5415647	0.2711306	0.7162921	0.5150004
0.5437807	0.3416229	0.7250355
0.5642483	0.2982521	0.6587844	0.4927618
0.4091152	0.3476375	0.6847107	0.4612958	0.4143262
0.3835723	0.3119967	0.7717369	0.5474976	0.4286264	0.5359056
0.5653684	0.4228209	0.7345547	0.5137048	0.1966706	0.4834424
0.4608428	0.7554155	0.1863815	0.5083567	0.557891	0.4590207	0.3747712
0.4258639	0.3202558	0.6221538	0.4807473
0.4439153	0.2007259	0.7242494	0.4930229	0.5657049	0.4467829	0.3005083
0.4919873	0.1495732	0.6447292	0.6827691
0.7568529	0.2357174	0.6205182	0.5277039	0.4467573	0.6643854
0.5774082	0.2147979	0.4079611	0.6781908	0.5264028
0.608059	0.2627011	0.4293677	0.7318926	0.4616431
0.7056559	0.1721589	0.4123062	0.596087	0.7494216	0.6260879	0.6081036
0.6865079	0.1838206	0.3368809	0.6688839
0.9135836	0.2136111	0.7089437	0.5890121
0.5651329	0.1420063	0.7011397
0.5854393	0.1333926	0.5064018
0.6062984	0.2263907
0.6062984	0.141136
0.1934923	0.1400206	0.6528217
0.5603561	0.29428	0.5320525
0.5935049	0.2264364	0.5739831
0.3227971	0.1116005	0.5405261
0.4851356	0.2890156	0.5989898
0.549922	0.2404536	0.5068892	0.6584604
0.5888341	0.3140402	0.6471162	0.4835406	0.6084712
0.5283384	0.2935617	0.6702637	0.74147	0.6180333	0.5469046
0.7932376	0.2440553	0.727284	0.463207	0.6974915	0.5788377
0.6619248	0.3409262	0.7867586	0.5582363	0.4523592
0.7181552	0.2897193	0.8771159	0.3802509	0.7966181	0.45871	0.6371727
0.5997186	0.2957168	0.7540923	0.4127254
0.4245793	0.2803409	0.6485358	0.5952654	0.347795	0.3697868	0.4550907
0.6235897	0.2812837	0.6080513	0.513226	0.3952385	0.3151541
0.4538299	0.3199505	0.6831202	0.4206468	0.2879761	0.492013
0.5249765	0.2311943	0.61743	0.182023	0.5932225	0.406743
0.4720337	0.1482868	0.627461	0.3949547	0.5888706
0.6249341	0.1651784	0.6022518	0.4505441	0.4287457
0.514128	0.2610981
0.5252682	0.06305355
0.5136636	0.1938569	0.5228138	0.5406351
0.6184243	0.1051673
0.3937354	0.2052904	0.5703261	0.6238233	0.6239501	0.6274827
0.5457051	0.04053953	0.5300735
0.4755382	0.1106115
0.5153299	0.3159646	0.4838971
0.4943873	0.1702201
0.4860138	0.1667497
0.5654724	0.1868217	0.5596419	0.6396439	0.5355634	0.3603809
0.5065095	0.1342542	0.502352
0.5835844	0.244582	0.6452716
0.4845707	0.1113887	0.6439234
0.5778694	0.2174133	0.6326612	0.6466726	0.6510909
0.4448084	0.2387661	0.2274805	0.4663412	0.5974231
0.6408062	0.2397767	0.638514
0.6790221	0.3710997
0.6573115	0.2919841
0.6364133	0.2353869	0.6290863	0.6424623
0.6816219	0.3346671	0.7281927	0.5585225	0.6989059
0.7292982	0.3213568	0.4230827	0.6053758	0.6237694
0.594071	0.297043
0.5453483	0.3031508	0.5594192	0.6574267
0.5997737	0.2969286
0.5281353	0.2899772
0.4966999	0.2321863	0.6116205	0.5994603	0.5487545
0.5831675	0.3659947	0.5539136	0.3052816	0.7146827	0.5158035
0.4103344	0.3261794	0.6032307	0.7919677	0.548916	0.7173146
0.4963985	0.2778519	0.7431356	0.6145845	0.4755099
0.6167513	0.3195681	0.6487574	0.5165022	0.6887747	0.4399852
0.6027149	0.3483137	0.7456283
0.5830641	0.2736649	0.7556041	0.610314
0.6422516	0.4200523	0.6086306	0.7161659	0.5357003
0.5904111	0.2565773	0.4484258	0.7660823	0.4590253	0.6002399
0.6399725	0.2691762	0.5561343	0.5505651
0.6069967	0.1902578	0.5532753	0.6147422
0.4409022	0.1854035	0.5716934	0.4630857	0.6327484
0.5465778	0.3078904
0.6741795	0.2033249	0.4946803	0.6077587
0.5272478	0.27654	0.5539721	0.5049558	0.490814
0.5785585	0.08499693	0.4857326
0.5384737	0.1854529	0.4319922
0.2198606	0.1505134	0.5319992	0.5626209	0.4701146
0.4865667	0.1687114	0.5236772
0.6624871	0.1319618	0.513563	0.6096558	0.551299	0.6693183
0.5393424	0.1420075	0.5808307	0.754796
0.6524402	0.1978907	0.5870148	0.5869054	0.3755549	0.5861336	0.4333623
0.5820631	0.1778246	0.5637563	0.428228	0.4305158
0.6694024	0.125096	0.4486964	0.6674128	0.09397705
0.3169017	0.1770679	0.6589041	0.4349516	0.487159	0.5719903
0.5020455	0.2670228	0.6077529	0.3017449	0.4995118	0.3622954
0.4782563	0.3021747	0.666047
0.4435345	0.2648127	0.6915958
0.4761731	0.3406564	0.6565702
0.6933511	0.27062	0.7052743	0.4555463
0.4819095	0.1982972	0.6689246
0.5680203	0.2695791	0.6557925	0.5144219	0.4086491
0.5674345	0.1664122	0.7322401	0.5416004	0.5134111
0.6708715	0.2023558	0.7239233	0.49604	0.5526581	0.5301165
0.4957128	0.136232	0.679483
0.5514183	0.1672107	0.6422776	0.7596376
0.4602663	0.2034274	0.6763431	0.4277042	0.5555681
0.404558	0.2503831	0.6834012
0.5346439	0.2313192	0.4036079	0.6817556	0.4417232	0.4571219
0.680965	0.3017415	0.1584651	0.6373887	0.5876447	0.3482997	0.4713521
0.5583781	0.3319019	0.3150576	0.6065462	0.4994131
0.4228711	0.1818562	0.4003558	0.6066159	0.6141985	0.5094543	0.554159	0.4531544
0.6058642	0.1754508
0.5767992	0.1839463	0.4860397	0.38185
0.5763982	0.138576	0.4700643	0.5024965
0.5487335	0.2163292	0.4345569	0.4798215
0.420773	0.1667375	0.6123809
0.3336402	0.1411174	0.5483959	0.4193761
0.3126897	0.06894996	0.6265135	0.3342927	0.5826107	0.2545394
0.3153975	0.0898426	0.6191472	0.2672651	0.4589232
0.548604	0.1185838	0.5242395	0.2505155	0.6768789	0.3567041
0.4988436	0.1847304	0.5038736	0.3118485	0.6005033	0.2559985	0.27989
0.537101	0.2290452	0.5740292	0.3242892	0.4503102	0.5357059	0.2814597	0.7703551
0.5563342	0.2734516	0.443051	0.4485876	0.2650331
0.5402653	0.09938917	0.2953278	0.1735241	0.4658475	0.4507407
0.5484419	0.232764	0.5686932	0.5784194	0.2931111
0.4805316	0.2531503	0.5201278	0.4762138	0.6588591	0.5513443
0.6356919	0.2845365
0.725126	0.1806707	0.6214482	0.5707105	0.7354751
0.4492042	0.1127149	0.5533907
0.2946049	0.321883	0.5600663
0.4499558	0.1783736	0.5583344	0.4454462
0.6048818	0.2323224	0.5241411	0.6463378	0.5379432	0.4261949
0.4354988	0.1337352	0.5978259	0.4050251	0.4206075
0.4683433	0.2395365	0.546106	0.2559669	0.4331684
0.4724641	0.179921	0.5705963
0.5753589	0.07073798	0.5392847	0.5233653
0.6030221	0.05183531	0.5853918	0.6457501	0.5072372
0.4753505	0.1416764	0.5440961	0.4982121	0.4969871
0.4617817	0.1123983	0.5088638
0.6106845	0.3518157	0.5616062
0.6179731	0.2476338
0.6488189	0.2482544	0.599314	0.8743601	0.4855288
0.6228215	0.3446022
0.468785	0.2640777	0.7472968
0.4734208	0.1442482	0.5485973
0.4610506	0.309842	0.519927	0.4899456	0.6344505	0.5156379
0.3924971	0.2615863	0.5277228	0.361911
0.63188	0.2611785	0.5551562	0.4972612	0.8080363
0.3282592	0.09989286	0.568386	0.7546388
0.5022667	0.05451857	0.5451968	0.7389715
0.4650654	0.08654263	0.6038426	0.730006
0.3401447	0.09491136	0.732251	0.3951055	0.6281067	0.5089959
0.5246416	0.1033526	0.731149	0.37063
0.4485263	0.08488814	0.7321294	0.5375171	0.7916938
0.4932974	0.1063995	0.5060682	0.3127316	0.7916938	0.544861	0.6985473	0.5149845	0.6399878
0.5329972	0.2103231	0.4457243	0.7670967
0.5143088	0.118744	0.3849034	0.6836612	0.4891054	0.6223359
0.3625245	0.1001749	0.3692723	0.6785641	0.6314948	0.5168452
0.5191764	0.1180958	0.6238253
0.5697868	0.3141136	0.6381323	0.5610428
0.5916382	0.382257
0.5653971	0.30225
0.4311359	0.2873656	0.5657056
