SpeciationRateChanges
70.71208
71.0622
71.0622	57.53046
71.06128	57.52431	34.06745
71.05483	22.05454
71.25007	36.64143	2.370203
71.25007	68.29415	9.185659
71.14419
71.14419
71.145	39.63564	29.85093
71.12982	53.24523	46.55586
71.12982	50.15822
71.12982	47.5442	46.5784
71.11989	49.76225
71.08413
71.08413	4.511196	8.570401
71.06497	16.20414
71.08903	34.17645	26.67801
71.08903	50.0682	44.65576	39.55369
71.08903	52.25369
71.08903	61.08215	64.60788
71.20763	67.21905
71.12808	69.29619	23.37408	4.82999	6.585467
71.06227	68.84104	32.04979	22.23287
71.13261	38.59622
71.13261	49.8803	22.53447	6.637391
71.13261	49.83397	19.67058	48.97397
71.13261	70.68567
71.15266	70.68567	59.20688
71.15266
71.10489	41.98688
71.10489	54.94093	51.18468	24.00793	45.88602
71.10489	9.562276
71.10489	70.78359	40.14598
71.10489	4.0655	67.86467	63.37037	52.27617	61.85568	48.35442
71.10489	69.13817	50.42746	63.32672	4.731717
70.79641	69.32747	64.03487	22.88131	39.31382	6.594953	4.772584
70.79532	69.35949	65.79144	15.01218	33.47356	51.67916	56.08733	49.36319	4.91743
70.99334	53.24134	65.00046
70.98628	49.32662	44.13418	1.724008
71.12739	49.02329	14.44896	37.01966	2.876847	69.26899	63.03396
71.12739	57.00871	20.48597	67.00749
71.08342	64.7851	61.72747
71.08342	62.85545	49.82117	13.62234	12.23466
71.05968	52.58228
70.85483	53.64874	6.584448	29.45082
70.81652	52.39844	12.63827
70.81652	56.4482	67.77434	7.858401
70.81652	55.38668
70.81035	68.32416	27.30351	29.66369
70.81035	68.53726
70.81035	27.51704	6.5471
71.21818	20.92971	8.522863	15.28279
71.1291	34.64225	69.25548	29.48746	32.37667	42.62014
71.1654	68.38877	45.95413
71.08744	69.27287	61.79644	47.9061	23.99907	67.77183	32.80508	20.46283
71.08272	53.65526	1.383168	43.63345	18.18257	32.23039
71.08272	52.14741
71.07935	44.82958	24.07949
71.07935	39.67316
71.09758	27.63469	19.22958
71.09758	23.41429	18.90027	6.73216
71.09758	42.54868
71.09758	42.67182	41.70365	41.4611	42.60908
71.10574	53.26799
71.10574	36.84403	52.55988	48.09684	48.29911
71.10574	63.32431	66.56351	18.61065	52.95862	18.45358	25.63535	7.365981
71.05651	9.150322	50.79596
71.05651	50.30314	24.5267	69.84236	65.32345
71.07137	52.7567	13.22233	69.05072	51.54423	8.30032
71.0866	50.9815
71.0866	61.3105	14.59317
71.21096	17.7652
71.12902	4.248042	12.19843
71.12902	46.15661	42.31334	40.76716	34.44357	41.53834
71.13772	57.52107	30.98027	17.03025	16.85782
71.13772	47.75442	56.6147	29.638
71.13772	23.32816
71.11374	15.69108	66.94295
71.03176	52.09605	63.78245
71.07879	55.04405	43.98997	35.46866
71.06276	53.09438	5.178929
71.06276	56.11472
71.09284	53.79918	14.57234	9.457644
71.18371	51.29703	26.81077
71.18371	47.43845	3.599138
71.18371	71.03227
71.15189	8.260547	52.17654
71.0905
71.08718	66.231	62.31801
71.08718	18.90919	37.30476
71.08718	13.29839
71.08718	9.209871
70.98465	9.200852	5.256247
70.80044	23.29974	43.98099	2.705376
70.80044	45.5318
70.80068	56.6421
70.7971	49.31093	71.26347
70.7971	54.1747	30.94964
70.7971	48.32162	43.14552
70.7971	38.99336
70.7971	46.35323
70.7971	38.21693	2.319112
70.7971	31.92487	7.180356	24.34059
70.7971	37.98473
70.99002	30.20469	25.30354
70.80619	1.510768	50.63131
70.86162
71.16897
71.1594
71.13347	28.30166	20.75018	61.93742
71.05604	40.00376
70.90419	8.611179	69.78864
71.06724	25.2031
71.06724
71.16071	32.96218
70.98743
71.10801	58.66145	58.39664
70.9319	50.42425
71.08192	48.48263	70.82039	44.75327	64.74988
71.08192	52.18731
71.08192	53.94011	34.22329	21.93025	21.72015
71.08192	57.95034
71.00584	49.83624
71.0668	48.36044	3.463573	30.33619
71.0668	53.14746
71.0668	53.00405	15.76693	10.68609
71.08941	57.34275
71.08822	52.86945
71.08822	49.44
71.08822	58.93481
71.08822	57.06772
71.08822	57.46462
71.08822	51.15626	27.3678	15.9195	10.26905
71.14316	49.07252	42.73101	12.30694
71.14316
71.07037	63.11517	32.54828
71.07037	21.15307	68.04996	64.21468
71.17447	67.57922	64.08867	14.11182
70.80964	67.83193	60.57427	18.31031
70.80964	69.10637	54.78646
70.99529	68.36584	53.02542	21.12124	47.53501	65.71978
71.01867	56.72874	21.02953
70.77293	20.71057	59.36233	68.38012	64.9817	58.08428	11.17239	29.78876
70.86258	58.30008	70.11128	63.52631	13.21652
70.86258	58.4719	62.72232	35.06322	40.68868	69.18451	48.71549	28.82896
70.84644	65.06293	67.7093	61.07289	6.810243
71.14024	57.47248	38.13701	45.25259	52.46049
71.14024	57.9747	19.42395	70.9975	58.55283
71.14024	57.27	68.64612	64.45829	13.57408
71.14024	58.41899	66.5416	63.05534	49.30674	36.16158	47.99792	31.84281
71.14024	58.65186	63.78599	65.728	28.50024
71.14024	57.62346	62.55622	65.26327	22.62356	19.62519
71.14024	58.53221	62.59961	65.96737	56.95743
71.14024	63.04583	68.25353	27.05701	58.7335	21.61258	0.1332162	60.08833	57.28371
71.14024	18.72319	51.67313
71.14024	59.18681	16.91556	50.49679
71.14024	57.69115	25.90503	0.07560329	16.03273	71.23676	20.6459
71.13521	56.80952
71.00921	57.01227
71.13608	57.5795
70.82638	56.61235	46.97406	40.91137	61.66371	13.76938
70.82638	52.81099	33.03072
70.8355	53.29733	35.81022	16.12849	53.76132
71.014	56.79974	64.62634	45.32637
71.10813
71.10813	5.546317	18.6028
71.00185	39.89186
71.13831
71.09874
71.01482
71.10753	46.31486	61.20467
71.10753	70.66887	24.77542	23.40299
70.85435	69.87752
70.79356	15.18993	49.44249	71.11347
70.79356	71.23607
70.74216	71.23607
70.80232	71.23607	5.081179	0.9255216
71.23607	70.83004
71.17157	70.90016
71.14331	70.20965	13.04092
70.80418	44.86589	44.29411	63.59876
70.80418
70.81092
70.91543	48.99997	30.07971	67.14118
70.91544	53.5776	19.10025
71.01509
71.07981	16.6173	9.942088
71.09079	19.92537	29.45225
71.08355	60.01747	44.53507	13.98435
71.08355	47.51746
71.08355	55.251	24.13882	54.47684	3.746938
71.05498	58.71107
71.05531	57.92111	41.12988
71.05531	59.1667	12.95574	5.504658	0.9740063
71.05531	55.19637	25.78771	15.11286
70.81247	54.01734	28.80869
70.81247	55.58369
71.00402	51.44895
70.84102	44.97949	66.07505
70.83897
70.81368	39.46104
70.81368	37.36528
70.82389
70.79932	48.042	27.53249	55.98565
70.8418	53.16097	35.71379	47.32189	18.06234
70.85569	58.34345	29.42927
70.85569	57.91492	54.90832	33.93507	42.66419
70.79749	58.53918
70.79749	55.49235	52.54486	2.98308
70.79749	48.03449
70.79749	55.22706	8.072855	31.35165
70.79749	54.02912	5.850464
70.79749	48.39388	36.31286
70.80975	55.12505	22.14822	11.80324	2.947511	0.8365875	46.5439
70.80975	49.94218	4.078395
70.80975	35.91776	7.284875	59.71012
70.79234	47.29007	6.308477	5.843646
70.79234	55.6084	37.70406	0.3699475
70.79234	57.73752	42.63203	26.99306	56.22094	5.37666	43.88873
70.79234	57.67953	22.84062	34.1742	4.762625	23.74434
70.79234	48.90256	3.119301	43.09314
70.84683	57.89925
70.95595	58.16004
70.95595	49.44573	2.819847	6.191281	54.37617
71.12565	57.19748	0.261966	50.91043	2.900705
71.10586	60.72697	59.94002
71.10586	52.28354
71.13865	55.85018	4.541075	4.557188
71.13865	42.20238	13.16042	70.70006	52.56069
71.09777	40.71696	70.70006
71.09777	42.89873
71.09777	3.228662
71.00564	41.85771
71.05414	36.75585	20.65579	28.20611	15.35972
70.98603	37.45543	27.92315	2.758846	36.10645	19.69452
71.03634
70.82541	39.00453	55.82365	70.10513	58.78922
70.94598	38.40898	16.60881
70.82272
71.08606
71.08606	56.61876
71.08606
71.15193	12.6108
71.0627	26.98763	19.18701
71.11043
71.14739	55.37546	51.45162
71.16819	58.86563	5.799025	58.44285
71.14601	31.65161	18.62946
71.14601	28.29707	57.85089	33.2686	6.735296
71.14601	39.30226
71.14601	47.77385
71.00462
71.07992
70.8033	64.98934	55.83938
70.82747	63.3576
71.11619	43.78481	16.4911
71.06294
71.06294	60.68854
71.05718
71.10009	1.26619	54.58432
71.10009	30.70521
71.10009	61.98671	70.05479
70.8452	58.0962	56.12247
71.14363	11.5526	0.4966922
71.14363	21.06202	70.79728	0.6776651	9.409857	30.12897
70.80303	10.73494
70.87555	6.988531
70.87555	40.78144	23.82296	0.04876704	3.447037	20.47599
70.87555	44.549	40.25537	36.62836
71.02653
71.12372	38.31567
71.12372	21.46712
71.00738
71.09562	61.01402
70.84453	46.23059
70.82543	34.04529
70.8076
70.84135	2.325175
70.99798	4.310892	56.64892
70.98869	49.21113
70.79214	48.03638	46.07699	13.88371	4.278876
70.8053	59.18094
71.02987	47.61103	24.00401	3.329053
71.00026	48.47527	31.6409	28.03661
71.18467	10.31612
71.09108
70.8856
71.13967	66.14615
71.13967	70.10049
71.13672	60.57879	8.201991	68.99102
71.13672	32.18187
71.08238	10.52844	9.187028
71.08238	16.84466	13.59852
71.08238	11.79214	39.52897	25.03767
71.08238	67.19832
71.10721	16.37251
71.16847	26.58846
71.15191
71.15191
71.06472	40.12797	26.57143	17.54073
71.06472	41.32171	12.17663
71.06472	29.63073
71.06472	68.30461	0.4722724
71.02943	65.18968	32.23634	26.58232
71.02943	65.86311	35.64815	5.436609	52.78625
71.02943	68.34825	62.97573	39.78013
70.79785	65.43332	9.611245	51.43883
70.79785	65.86149	22.82966
70.79785	68.36967	5.641552
70.79785	65.26521	62.09414
70.79785	67.68177	9.54582
70.79785	66.36874
70.79785	67.73077	9.747128	8.771126	25.60066
70.79785	67.10548
70.98542	68.53353
70.9852	66.00192	22.20249
70.79367	64.88764
70.81909	66.95921
71.02508	68.46615	43.6703
70.82306	67.64665
70.78476	65.71704
70.80663	65.58331	59.40001
70.80663	67.69827	19.11936
70.80663	68.94277	2.736218
70.80663	64.75456	25.46024
70.80663	33.32652
70.9921	53.80183
70.82255	47.02409	30.59799	58.56136	58.35508
71.06238
71.00736	44.48596	30.34759
71.16255	37.99535
71.15164	49.85111
71.10302	70.82496	14.50859
71.1941	70.74573
71.1941	70.43814	29.18779	44.65684
71.19001	70.73994	30.90928	24.27234
71.19001	70.74375	31.96309	22.67853	69.17824	15.54226
71.14301
70.86351	24.84098
55.1964	71.08096
71.0898	70.82226	19.60716	6.499999	16.45084
71.0898	70.82226	21.36111
71.09046	16.2355
71.13703	24.23879	2.695898
71.16245	15.54272	50.82977	2.687757
71.13223	68.46833	67.76983	65.5261	29.4585	68.66662
71.18218	63.90183	0.6051998
71.10535	68.9439	5.336657
70.81751	67.88477
70.7881	67.91339	7.08724
71.0763	67.29711	47.64736	38.92089	40.56779
71.09906	65.00042	13.55581	61.28426	50.05078
71.09906	66.18184	61.95531	40.39381	5.572952
71.09906	65.7966	59.68116
71.09906	67.67552
71.09906	67.92976	65.71649
71.09906	67.96644	8.436419	40.23382
71.09906	66.38425	27.54752
71.07021	65.0498	43.79287
71.1085	67.57299	15.54562
71.1085	17.55384	8.865525
71.0991	26.64225	65.52871
71.0991	68.29085	25.72572	53.19207	28.22893
71.0991	68.80419
71.06599	68.1889
71.06599	68.49205
71.06599	67.78639
71.06599	66.38188	58.9727
71.06599	68.33692	28.15702	8.726507	29.64467	44.93964
71.06599	66.01358	24.45058	20.99554
71.06617	65.91874	24.32871	1.338961	6.917566	7.735471
70.99548	32.807	64.95319	6.428778
67.90346	70.98646
68.57384	70.98646
64.7503	70.98646	20.70632	27.05391
65.73773	70.98646	23.89008
71.18555	7.063442
71.09837	26.60091
71.10221	61.77149
71.10221	60.79425	67.91881
71.08795	51.0424
71.15104
71.10105	45.87272	39.89362
71.0793	27.64392	55.84464	17.63074	54.1385	15.46419
70.79623	13.35604	41.07684
70.79623	46.81893	10.03265	2.04163	70.78458
70.79623	5.435368
71.09057
71.09057	5.64147	30.71814	9.674695
71.09057	25.58492
71.09057	31.66128	70.8591	67.4153
71.02784
71.1092	54.46223	47.81915	16.24435	22.22343
71.1092	19.39232
71.15184	10.66214	57.31063
71.15184	70.86111	17.65057
71.15184	70.73506
71.13686	65.77537	48.23884
71.13686	8.79157
71.13686	5.521119
71.05709
71.05709	17.95384
71.0549	32.27829
71.06557	34.72413
71.08211	30.0836	1.048069
71.08211	39.17824	28.27961	25.88604	55.37443
71.08211	49.26708	15.32529
70.83104	51.86552	22.13575	65.54678	33.82771
70.83104	66.34273
70.79473	67.76572
70.79473	68.05744	12.9128	9.60954	4.889534
70.96406	66.91267	10.41534	8.195728
70.9576	65.55999
71.09607	65.03558	61.56514
71.09607	68.14858	3.127929	20.76707
71.17234	68.35307	13.59958
71.17234	66.11842	5.925759
71.17234	67.75147	21.67847	70.8554	5.594315
21.3727	70.8554	67.90883	3.281644	10.11179
18.31881	71.12789	68.11242
71.10599	65.09576	45.96126	17.17101	7.616912	43.06684
70.7902	65.94262	45.59018	16.91654
71.07991	68.5377	45.94599
71.07991	64.74229	53.5695
71.06127	67.86238	45.66171	70.80225	24.68801
71.06127	65.7705	34.81946
71.06127	68.42251	0.8045189
71.06127	67.14355	66.11528
71.0682	65.85229	0.03671826
71.08799	66.90459	1.270438
71.08799	68.86802	9.27387	8.743877	55.17843
71.08799	65.57448	70.267
71.08799	68.49462	71.04646
71.08799	65.03883	39.70396	30.07517
71.08799	45.8706	65.81742	14.88082	42.54379	33.07725	49.64114
71.08799	66.23943	46.94907	19.4942	14.16851
71.10424	66.0417	46.98223	25.70017	6.923368
71.10424	65.6475	23.38514	59.94676
71.10344	66.20024	13.3136	31.76619	70.65743
71.08831	10.13505	67.001	22.16586	65.03066	17.29018
70.85228	65.92397
70.98964	65.28066
71.15613	68.21879
71.09801	66.70419	42.28108	10.87765
71.09801	67.94796	7.603815
70.98368	65.87585	43.61191	37.31383	28.65152	54.97681
70.84526	68.62267	23.15139	57.75339	32.45855	29.21664
70.84526	65.27755	9.171085	0.2254475
70.84093	67.85172	7.618021	58.03701	55.30624
70.9137	68.67309	64.8492	31.08288	6.58319	27.18484
71.09501	68.70703	38.86587
71.13342	66.73186
70.98636	68.55056
70.96117	63.79257	5.682775
70.96117	68.45609	4.873574
71.15192	68.55321	41.808	38.60134
71.15192	66.12351	14.44307	39.17215
71.15192	68.57742	63.61545	70.83816
71.17998	68.1228	70.80618
71.17998	67.69901	37.46292	57.04403
71.02336	67.69427	3.719694
71.09861	22.15428	67.62641
71.09078	66.12522	45.94853
71.09078	65.48643	12.82206
71.09078	64.19709	18.53411	24.73943
70.80894	65.82267	50.30793
71.13339	65.6524	52.42412	38.18016	50.10533	0.920638	60.17992
71.13339	41.3274	67.52885
71.13339	68.47322	36.07836	15.3312	8.863792
71.13339	67.58572	31.07525	17.74464	26.69292	20.66273
71.13339	66.26704	21.59834	70.88579	10.44506
71.13339	68.84342	40.27876	14.99024
70.77215	68.4401	0.8936562	54.18062	60.11633
70.67301	69.17197	27.72142	1.885009	68.29418
70.74105	68.16644	44.31053
70.92844	68.14043	40.03084	26.09404	42.90769
70.69217	65.81321
70.81636	68.53009	68.45771
70.95102	67.33392	0.4038244	38.86115
71.14443	50.01504	38.28141	48.18771	36.12389	63.37631	67.60608
71.14443	41.68205	49.74549	52.31336	34.2153
71.14443	49.96726	55.8764
71.22374
71.0659	61.23603
71.08988	34.33323	62.74996	43.87928
71.13312	60.20173	43.61734	19.55506	0.9185192	48.41611
71.0896
71.0896	52.76812	20.94853
71.0896	66.26954
71.0896	67.91321
70.99022	68.11657	28.61824
70.99022	66.52745	55.95869	45.35679
71.12593	65.84066
70.68014	68.15975	12.12033
70.85818	68.24434	7.893855
70.9967	67.59966	8.40261	55.85899	59.38735	2.381867
71.06696	14.35108
71.06696
70.99779	32.29589
71.08279	40.52653	40.26876
71.10039	11.42958
71.10039	65.63882	61.52551
71.10039	64.77287	61.6029	3.242696
71.10039	65.81757	61.36573	59.45609
71.10039	65.69217	60.02779
71.10039	66.09171	60.46869	22.32022
71.07443	20.97802	50.73315
71.08634	9.487081	51.1946	33.14928
71.08634	58.14418	27.32668
71.03148	51.68695	25.49774	20.79357	14.68117
71.07438	50.73539	42.99131
71.12548
71.0951	12.93049	4.936481
71.0951
71.0951	17.64269	7.311406	32.72953
71.0951
71.08489	32.93777	65.5832	13.19327
71.08489	40.6873	5.684469	59.82169
71.09825	61.71187
71.07165
71.07165
71.0984	18.1836	16.59091	59.78851	45.67559
71.08925	28.1907
71.03779	19.18608
70.79746	37.17584	14.43098
71.0329	63.79245	6.97702	55.13864
70.98118	36.64159
70.81709	9.572069	6.340393
70.82417	68.98438
70.81494	47.02059
70.82209	57.07206
70.82209	16.59222
70.82209
70.82209	65.9008
70.80998
70.79656	25.03646
70.79656	14.15497
70.79656	24.61339	9.496279
70.80153	23.39914
70.80153
70.85861	43.5314
70.76458	71.16642
70.70384	71.15261
70.80864	71.09143
70.80864	71.09143
70.80864	71.12903	69.03176
70.56671	71.21698
70.41258	71.21698	22.63656	19.12672
70.80274	71.22634	28.67769
70.80274	71.22083	33.27322	32.88464
70.79595	40.42411	33.34323
70.80284	36.75892	50.15177
70.80284	24.52397
70.80284
70.83442	64.59859
70.81123	28.56003	64.62456	22.40379	4.123422
70.81123	65.43868	37.76831	50.55832
70.79937	68.54045
70.80817	18.30225	68.1285
70.80246	68.86556	55.66565
70.80246	16.45573	70.09681	6.789922	3.25558	44.10124	65.10018	2.293224
70.79479	69.03948	3.759503	49.94644	36.227	4.435849
70.79479	68.35269	8.024332	66.33591
71.10028	68.29579	68.05263
71.13783	68.16038
71.06937	1.164252	66.36215
71.06937	27.19384	8.057379	70.36285
70.9477	33.3771	55.2989	44.6919
71.08868	29.4384	22.79854
70.8372	33.93523	4.094118
71.01055
70.80692	8.2052
71.10781
71.10003	21.89672
71.18563	70.82862
71.16706
71.11416	60.03774	24.10087	21.64445	23.84753
71.1085	61.88022	13.72008	4.614894
71.10773	42.92848	42.88055	64.46716
71.07821
70.69555	54.63358
70.69555
70.67045
70.90023	60.62586
70.90381	71.08652
71.08652	54.51247	36.79934	29.66301
71.09821
71.10349	9.736358	61.95994	8.037503
71.10349	61.80623
71.10349	24.60272
71.10349	60.09602
71.06816	21.17543	7.270918
71.15912	20.01401	31.244
70.9951	18.08277
71.06684	11.93807
71.09318	45.18967	22.88643	21.8851	17.59128
70.82892	12.82649	3.412184
71.16068	70.79278	9.450003	50.05567
71.10515	25.86506	24.53523	25.26677
70.82878	11.27275
71.07017
71.13538
71.17828	70.80983
71.23914	70.80983	68.35482	68.29565	37.12825
71.14749	64.40156	59.64073	39.14969
71.09211	60.29837	65.52085	38.48586	35.56036
71.08465	60.42605	65.62935	32.07788	7.281838
70.83042	68.29332	26.5613
70.83042	67.57266	54.69684	49.66888
70.82117	68.46695	41.32776
70.8269	67.50478
71.1385	65.70301	60.14364	65.70451
71.14514	67.12192	70.6925
71.08657	65.62239	26.82785	68.13587	60.4248
71.08657	68.26659	59.26581	46.31515
70.88082	65.49704	59.81163	31.85193	47.89441
70.7958	67.66765	60.09827	54.90797	54.78689
70.7958	68.06314	65.5978	58.8648	15.48285	13.58842
70.7958	68.15476	14.46056
70.7958	68.02723
70.98348	66.3188	23.89794	18.04042
70.98348	65.7701	34.62247	24.05476
71.09309	67.32631
71.09309	65.35884	61.69866	40.0429	54.22277	39.02818
71.09309	64.73426	61.83838	45.64266	71.15646
64.92855	61.42496	71.15646	39.20814	1.558998
68.26929	71.15733	60.13074	35.54913	7.396021	16.75471
70.98779	60.04957	64.96572	40.47458
71.13708	68.41337	61.43917
71.00235	68.81403	58.69651
70.925	66.75963	0.1289913
70.82119
70.85377
71.03196
71.08503	53.05978	20.50217
71.08503	50.30982	19.33289
71.08503
71.08503	13.1701
71.08503	8.380711	8.209432
71.08503	21.89573	19.25192
71.08503	29.68679	57.60626
71.08503	28.04044	56.44872
71.08503
71.08503
71.08503
71.08503
71.10247
71.10247	54.91931	48.28529
71.15315
71.15766
70.81267
71.1219	15.57114	0.471372
71.1251	1.120289
71.09347	16.21744	48.7408
70.82961	23.45011
71.12545	66.46099
71.13282	64.26769	65.87935	60.94528
71.13282	64.58817	59.55238	41.4913	33.71865	46.49266	43.77785
71.13282	65.3599	44.46669	60.91768	31.66915	0.4371176	29.05594	70.78824
71.0947	65.43595	60.91902	34.44995	7.212139
71.0947	65.4172	60.52487	5.719152
71.10458	65.02603	59.76834	48.11783	0.8866054	12.24564
71.15178	66.19603	60.06719	40.99688	4.925154
71.15178	64.73355	3.387179	22.35577	70.62383
71.15178	68.35369	70.85777
71.10456	52.98741
71.10692	47.11775	41.4786
71.10692	35.3392	23.23474
71.19735	8.203342
71.15044	60.59624	68.47188	19.84919	48.90136
71.07979	60.73944	67.4446	5.412166	49.79831
70.79035	60.1557	66.48966	1.318522	45.60051
70.79035	59.83938	67.52966	10.63107	51.9931	58.17075	48.96705
70.79035	59.97508	69.27224	4.407107
70.81021	67.57027	6.558553
71.12606	67.88531	70.68498
71.12606	67.4042	7.885094	4.65723
71.14162	27.1267
71.14162
71.07543	70.84892	14.51327
71.14796	70.89578	36.63063
71.14796	28.01607
71.14796	27.67108	52.77246	11.1555
71.07289	4.293544	61.45769
71.02179	45.92938	67.53104
71.11019	68.50743	5.325665
71.11019
71.14094
71.12707	8.177919
71.00181	27.55906
71.07147	15.47498	14.0127	69.03039
71.11022
71.11022	16.89422	15.78367
70.79611	0.1993717
70.79611	11.1386	45.45771
70.79611	70.2878
70.83274	69.88837
71.0741
71.15127
71.08482	19.20816	64.11761	56.41751	17.36637
71.08482	65.45582	60.81286	24.73062	57.81655	30.65492
71.08482	66.15425	61.51266	63.67731
71.08482	66.45607
71.08482	68.31443	10.88381
71.08482	59.96081	9.477185	68.55109
71.08482	3.532651
71.08482	70.61784
71.13435
71.13435	55.65275
71.09828	15.98278
71.08594	10.57238	26.96179	60.25677	64.46983	70.79914
71.08594	39.46547	61.64808	18.95021	29.80732	69.28975	55.98371
71.08594	22.96422	61.47383
71.08594	21.22818	55.71883
71.08594	60.46276	60.10243
71.08594	63.25439
71.07124	42.68787
71.14045	66.66062
70.84542	41.88869
70.68641	30.011	37.9348
70.81007	42.77316	33.91637	24.58431
70.73786	2.157372
70.99753
71.0923	23.09368	18.70875
70.83702	66.76651	53.884	66.35667
71.01983
71.15244
71.15244
71.0469	8.987359	66.4241	57.54742	1.304613
71.03788
71.09598	6.787517
71.09598	22.97551	52.86979
71.09598	20.41556	61.15924	2.419426	49.74848	55.05012	12.84992
71.09598	16.32396
71.09408	3.455642	67.83986
71.13649	64.88279
71.09229	17.63032
70.80494	68.54699
70.80605	61.00766
71.05407	60.59381	46.52179	13.2309	39.64028
71.16735	63.51997	8.773125
71.16735	60.53383	5.678747	2.29784
71.18436	5.216018
71.07868	7.001509	37.99399
70.80301	18.26729
70.80366
71.04036	56.63244
71.05936
70.80504
70.81189	13.94659
70.98474
70.79667	4.040945	2.28489
70.85811	28.88971	17.96142
71.07462	17.3481	70.67988
71.07462	7.78151	70.77976
70.793
70.793	49.57995
71.03276	12.81556	47.13986	10.01696
71.07909
71.14518
71.1543	5.208526	69.78441
71.1543
71.16619	21.34042
71.16619	28.99507	61.82865
71.16619	12.05964	43.87409	70.96734
71.00253	4.886555	57.16663	2.036557
70.81805
71.11111	45.01628
71.13407
71.13407	65.53823	61.36269
71.16069	65.7571	51.50907	45.37907
71.09733	64.57264	60.5522	49.40291	2.066389	1.109891	11.6194
71.09733	66.51484	59.75349	14.78313	62.96146
71.08814	65.48339	61.62979	17.07224
71.08814	18.23768	5.695088
71.08814	10.00723
71.08814	14.59588	3.926862
71.08814	55.54917	5.170382
71.08814	69.16701
71.08741	35.11858
71.08741
71.08741	67.53951	34.84156	32.02985
71.08741	67.56035	23.92592	48.00171	7.674361
71.13662	66.96057	62.42105
71.13662	66.41272	71.02478
71.13662	55.25504	18.5253	6.77179	57.39551	66.31334	15.05308
71.09144	50.98578	8.58953
71.09144	37.88844	65.28426	19.74122
71.09144	67.88427	39.07499
70.87185	65.69141	56.50917
70.99112	68.20258	40.12907	51.59426
70.99112	66.61372	25.71876	66.541	3.875887	9.219688	61.89151
71.22967	65.89803	70.87257	2.343232	57.78245
71.22372	70.87845	67.62751	22.04097
71.0838	66.17883
71.0838	65.7139	32.66985	59.69675	54.58814
71.15865	65.61184	60.36411
71.12567	67.96637	33.89415	32.27685	70.8165	47.01566
71.12567	64.62204	61.75177	55.86137
71.17096	66.55259	63.41679
71.17096	66.06681
71.16394	68.405	39.04186
71.14004	68.36505
71.14004	68.088	18.80794
71.14004	65.62652	1.813895	40.52996	61.18065	41.46996	70.83327	41.44211	31.44623
71.14004	65.85713	44.16992	61.46307	2.522122
71.14004	62.32347	9.640245	64.99204	37.7507	55.29626
71.14004	64.94878	31.99217	1.309786	46.66313	38.70177
71.14004	67.96881	25.86156
71.02873	65.88934	15.63048
71.02873	68.84728
70.85037	68.18621	41.49025	31.73925
70.90539	65.121	21.44976	50.80904	62.57047	0.2164164
70.79244	65.3926	13.91787
70.79244	68.22897	48.4696	29.76268	60.61471
70.79244	68.84289	30.78017	43.84077	9.569809
70.79244	68.56409	28.51773	59.54032	46.62349
70.79244	65.75707	57.19351	37.18588	27.25792	26.71405
70.79244	65.37274
70.79244	69.23213
70.8018	68.04657
70.8018	65.7671	8.153817	61.3741	16.7467	12.40188
70.8018	67.89928	29.68894	16.75577	27.66642	1.290879
70.79632	65.99836	12.57426
70.79632	65.69868	13.8725	60.04639	12.59146
70.79632	68.94303	0.6917299
70.79632	68.68692	9.732562	61.75876
71.1475
70.79806	68.7556	65.19646	63.16604
70.79806	64.95177	61.63705
70.79806	65.65085	62.63026	17.69984
70.79806	64.83686	61.52396	49.70659	22.57813	6.294112	2.014196
70.79806	68.27777	28.2251	67.03634
70.79806	63.33027	44.2695	37.63677	11.24457
70.90069	65.43535
70.79178	67.12241	64.31664
70.79178	67.00665	35.27454	4.261498
70.79178	25.57216	66.96106	28.36652
70.80071	65.45973	14.17048	58.91966
70.80071	65.52431	44.70307	31.82585	37.57293
70.80071	67.37298	28.29274
70.80071	68.21193	23.23231
70.80071	69.25709
70.86126	65.61309	2.251103
70.81845	67.50753	6.531212	65.74957
70.81845	68.53328	43.20053	0.9203926	14.69487
70.81845	68.14578	9.924594	70.98058	60.38175
68.56193	70.98058	16.37884	65.90193	62.45827	59.81442
70.8458	65.70964	32.02766
71.02558	66.39684	60.85762	50.13618	26.00748	60.78694
71.07248	68.41702	70.35438
71.06241	64.45873	28.75204	60.12805	11.06206
71.06241	61.75163	66.4313	70.83007
71.09255	62.21704	65.57644	70.83007
71.07262	61.87801	70.83007	66.51705	26.49049	19.10868
71.07262	59.90773	65.40329
71.01777	68.69712	28.28271
71.15369	68.64155
71.11783	4.433573
70.9968
71.14881
71.16651	2.851196
70.83148	42.15054
71.05268	0.9939677
71.09359	2.241426
70.80134	6.944705
71.05718	22.56113	67.39667
70.82108	68.59298	61.39724	52.5484
70.82108	68.3074	44.12683	51.73303	60.18111
70.82108	66.08397	59.41167	26.45059	65.4189
70.82108	65.40351	62.30243	62.05963
70.82108	66.14066	60.89405	40.32169	39.187	14.83571
70.82108	65.00018	60.73626
70.82108	65.90394	51.96817	62.68926	34.83649	10.66422
70.82108	65.84171	48.40561	14.76522	59.92599
70.86675	65.80546	21.10439	61.77947	57.02316
71.00343	65.53959	60.1893	58.27505	50.40918
71.09777	65.93943	41.15052	67.80512
71.09777	65.26915	12.89593	63.04393
71.09777
71.1518
71.1518	23.50583	21.70042
71.1518
71.10996	31.46492	5.507255	2.051557	1.03237
71.21938	17.75186
71.21819
70.78811	35.67933
71.08558
71.21701
71.11755	54.69976	16.09882	66.63206	70.91208
71.2361	50.23485
71.10027	43.3844
71.10027	12.06607
71.10027	50.60931	9.709251	28.50373
71.10027	13.54245	14.86126	15.72972
70.79768	43.04109
70.79768
71.00908
71.00109	68.91164	12.11505
71.00109	9.26123	63.15442	23.55888
70.79151	62.31529	63.72933	68.8586
70.79151
70.79151	33.97406	30.14523
70.79151
70.79151
70.79151	46.18618	5.054461	52.12341
70.8149	39.65918	3.840125	69.38342	37.70428
70.8149	41.81578	69.00014	25.41428	19.94946
70.8149	65.31067	35.39483	5.066659
70.8149	65.60748	60.56607	67.64334	60.16668
70.8149	67.85999
70.82526	66.5123	16.00253
70.82526	6.441455	65.71967	55.37854
70.78213	0.6693355	66.09067	59.43008	15.37479
71.08817	15.06795	15.79792
71.10297	50.18615	21.2018
71.06873	48.92191	7.703894	44.85079
71.06873
71.08699	32.64254	28.70123
71.07152	39.02493	0.2888249	22.00685
71.13406	61.51905
71.21974	61.7096
71.16834	1.3941	66.87551	69.62525
71.1425	12.23163
71.0826	6.713637	42.9168	61.74593	43.86116
71.0826	59.98337	51.34453
71.0826	62.70288	51.45009	38.32199	65.69477	31.60709
71.0826	63.71382	47.09227	35.55127
71.0826	29.80444	65.80319	28.34995
71.08604	65.80238	61.71702	6.324756	50.18731
71.08604	63.95778	59.77353	22.98225	0.7800893
71.08604	67.94358
71.04054	67.70764
70.95568	68.55828
70.90289	68.03221	1.808113
71.08578	65.91375
71.08578	65.56966	36.15224	25.67176
71.08578	67.84695	41.09982	70.86224
71.1356	65.67642	70.88522	27.52909	19.76555
71.1356	66.76286
71.1356	66.22709	69.29941
70.80585	68.3385	25.12716	65.98812
70.80585	68.1754
70.80585	58.40473	68.83407	54.694	40.3201
70.82148	60.37937	68.83407	36.83249	65.29926	29.47888
70.83598	61.45738	67.47595	64.99986
71.12755	56.66349	67.78734	49.75696	43.70206	54.51543	60.08941
71.08908
71.10276	49.50225	70.82735
71.09059	0.8014775	27.7161
71.0936	54.57178	69.13038
71.0936	68.88192
71.0936	66.23297	9.068205
71.13765	68.24294	30.9924	18.19555	0.3524981
71.13765	68.41995	32.8647	65.63952
71.13765	65.89739	27.93397	12.86354	70.68812
71.13765	64.89821	29.73216	21.15489	9.707518	20.01053
71.13765	68.96185	48.18435	65.83154	28.02466	42.80683	22.07341
71.13765	39.90908	1.479677	24.55355
71.16524	35.32783	35.09779	36.19396	17.37234
70.80851	62.72213	57.56865	50.4386
70.77308	64.39867	34.36312	65.78417	8.430228
70.78454
71.08495	49.07923	10.42858	48.27146
71.08495	6.07788
70.99764	1.72305
71.14279	34.84871	13.49828
71.07203	55.72802	66.2382	29.31578	38.15391
71.07203	64.81605	1.339976	70.77779
70.98267	65.90605	59.90824	38.55647
71.14132	65.77314
71.22153	66.6257	61.68798
71.22153	60.69375	41.8023	22.38871
71.04285	26.52399	62.8345	34.10217
71.17183	49.92666
70.70405	58.22317
70.8114
70.8114	31.50525	21.50623	16.59033
70.83697
71.02282	68.18002
71.13247	65.55632
71.00022	32.28106	60.45509	54.83974	1.940419
71.00022	39.42894	28.12367
71.02956	67.27277	59.4517	48.16968
71.19237	46.73483	40.40004
71.19237	50.73244	34.88737
71.19237	59.91135	29.62652
71.19237	25.25256	70.86186	63.57834	24.30177
71.19237	31.16273	71.07944
71.22038	33.5556	70.84025	68.29566
71.22038	47.58962	70.84025	67.19408	60.44547	54.44064	8.119276	3.788009
71.22038	70.92199	65.95205
71.21035	70.90773	68.5847	55.0586	43.79612
71.19883	70.91934	64.55229	6.068515	48.56528
71.19883	68.59836
70.82826	55.44803	68.38821
70.68745
71.01632
71.06851	19.6221
