SurvivalProbabilities
0.07783002
0.1222227
0.1335705
0.07754496	0.03831434
0.09347885	0.06333352	0.06275639
0.08050847	0.04452861	0.041431
0.1095051	0.05545583
0.05933139
0.1178369
0.15266
0.1140265
0.1113206
0.1054948	0.04256318	0.0387346
0.06784914	0.05119553
0.07710917
0.0964634	0.03887394
0.1145005
0.07431512
0.1011646
0.1105198	0.03790957
0.1031537	0.02477336	0.07486766	0.07306076
0.104519	0.0760883
0.1308563	0.05069928
0.09082715	0.06711255
0.1390492
0.138027
0.1195878	0.08976963	0.03328034
0.1197272	0.03755728
0.1002645
0.1120054
0.1178266
0.10683
0.09937731	0.03881112
0.127711	0.02867712
0.1378335	0.02982839
0.06194962
0.06581697	0.05189046	0.04814448
0.0567102
0.06100751	0.07727009
0.1265103
0.05724844
0.08777814
0.03913173
0.1135757
0.08268688	0.02295689
0.091399
0.1504319	0.03134399
0.1097872
0.06305498	0.0621738
0.1104006
0.1123557	0.08637332
0.07803381	0.0568982
0.09116007	0.0743129
0.1342212
0.08202883
0.08728242
0.08925127	0.0578594
0.0751272
0.1098001
0.08603132	0.04848955	0.08565277	0.113186
0.1071195	0.1061002	0.02032562
0.07108592	0.08107295	0.04223183	0.02992646
0.09539906	0.05490134
0.1063012
0.1617096
0.1391157
0.07560011	0.05449937	0.07496197
0.07497854	0.0637499
0.08113786
0.107605
0.07471285
0.1338773	0.0187466
0.0927519	0.08555386
0.1364893
0.1155445	0.03839767
0.08141411
0.1507014
0.1027203
0.09397313
0.07457797
0.1234027
0.08349766
0.1510109
0.09026749
0.1219324
0.1045218	0.05424057
0.0961815	0.04629726	0.03540365
0.1404899
0.09172027	0.05632579
0.0950168	0.04678558
0.07690404
0.1086799
0.1004471	0.05289376	0.06576746
0.09285568	0.05892616
0.1092654
0.1067836
0.1103237	0.06803759
0.1139201
0.1267767
0.1099576
0.09079858	0.1383161	0.06885366
0.1489582	0.07653171
0.07647331	0.05884305	0.0447379
0.1494518	0.07571299
0.1007329	0.04938321
0.08539499	0.0439703	0.09448101	0.0332307
0.07069486	0.06031048
0.0957175
0.1086616
0.1130325
0.1019894	0.06153423	0.06810431
0.09390336	0.06085252
0.1233342	0.03413692
0.1030696	0.06532213
0.08268581
0.06456264	0.02645564
0.09985084
0.1111161
0.09234786
0.1030622	0.08517815
0.08939587
0.1030947	0.03439198
0.07407745
0.09226043	0.02625606
0.1674168
0.09294969
0.1329674	0.06865947
0.09874691	0.07821146
0.102015
0.07482851
0.08373312	0.02777734	0.07884795
0.08946245	0.05189052
0.09681306	0.07413456
0.09915489	0.07437321
0.11277	0.06596614	0.005357662
0.07028677
0.1101289	0.08768164
0.0699337
0.1106163	0.04116057	0.04705883	0.04875524	0.04220202
0.0993969	0.05397861	0.04590185
0.09116797	0.04368334	0.06392129
0.06877332	0.03838592
0.0924802	0.06317601
0.06892366
0.04421796
0.1040096	0.05794978
0.0562758	0.02981604
0.08822537
0.07938441	0.0464696
0.05566448
0.04720072	0.06431075
0.07215138	0.05109733
0.07086672	0.06065668	0.02684346
0.0454005	0.05444743	0.06842067	0.04917825
0.07635786	0.03564805
0.1380642	0.07015788	0.05709602
0.09375472	0.06466854	0.03435929
0.08118021	0.1033106
0.05763098	0.05097
0.09834229	0.03382566
0.09148178	0.0415918
0.1217125	0.06136694
0.119571	0.1035699
0.07386463
0.07370729	0.1223284
0.1093945	0.04041475
0.1071253
0.09925734	0.06651703	0.0750405
0.1293054	0.0429853
0.1205858
0.07390899	0.04937524
0.07804369	0.06693126
0.1838039	0.04204257	0.1172998	0.04635257	0.02413064
0.06574949	0.07703555	0.02310812	0.02655036
0.09978858	0.03365108
0.05855127
0.09985225
0.07341138
0.1017324	0.07070031
0.1468188
0.09435527	0.06411032
0.06880176	0.07030115
0.1071507	0.05162029
0.1349327	0.02221538
0.08848691
0.09573844
0.07602504	0.008046675
0.100747
0.0797381	0.1153424	0.09950176
0.09527662
0.05952803	0.05426494
0.1024108	0.04906765
0.04677296
0.1091322
0.1252074	0.08193473	0.02874905
0.110662	0.05881728
0.1321712	0.02274005
0.1184045	0.03315054	0.07240656
0.1139458
0.09879525
0.1308924	0.06310106	0.070792	0.08113738
0.1006161
0.09007665	0.1169666	0.03809055
0.06838714	0.01341495
0.09515957	0.04849107
0.06529346	0.0546753
0.09122514
0.1011565	0.03698739
0.1054693	0.0383589
0.09821665
0.07575868	0.0660763
0.07527225	0.04272384	0.05663639
0.08763948
0.1209136	0.01268524
0.1713974
0.1391624	0.07030438
0.07781529	0.08374238
0.09260664
0.09536846	0.01364771	0.03580137	0.06977847
0.08578878
0.09748077	0.02579892	0.07644582
0.07728881
0.09272467
0.1633366	0.04203274
0.1062345	0.06507504	0.03755089
0.1004468
0.07705644
0.07318693	0.04771161	0.04088599
0.1142938





0.0892162


0.07896319



0.03751242	0.05108712
0.02580123
0.03993333


0.03813864


0.05946689

0.02006632

0.009786298
0.04106125
0.06812622

0.03481866

0.03855822


0.05431203








0.04416595

0.06595078
0.03495635
0.08540764

0.06332717
0.02583194

0.04860692

0.03009841	0.03518897

0.0562287
0.06458155


0.07502461
0.02518893
0.01426457







0.06536164

0.03342838


0.0565372

0.06840467
0.04444274

0.08264069	0.02928744

0.05856718






0.09511524	0.05497085



0.03073589
0.04687571	0.025186
0.06186572




0.05097324
0.05407294	0.02201517




0.04418386	0.08905555	0.05586466	0.05972075
0.03671382

0.04350852


0.1083362

0.08067193


0.06599502


0.07182549

0.04765471

0.03385048
0.07119071	0.08304961



0.13823
0.04740514

0.06713952

0.05734233	0.06502526





0.03160778


0.09851375
0.08974103
0.05961053
0.06242956


0.04593292
0.07289365


0.04564966

0.02678488	0.04365774

0.02021566
0.04049966


0.03586931

0.08700334

0.04198556



0.03258854





0.0587382
0.03798367	0.06076014
0.02808849
0.04158115

0.04513891


0.03456661
0.07272784



0.04795042	0.0627759
0.06154071
0.05968586
0.08889789	0.02287152

0.07872983
0.09947012

0.04143154

0.05548551

0.04885898
0.02905137	0.04281636
0.058876

0.063446
0.09774143



0.08778696


0.05662471	0.0332284
0.07133144
0.05510447	0.06033224




0.08515715

0.02540581	0.06577663
0.05159775


0.09566658


0.08817771




0.04623358
0.06041511
0.1213589

0.06044227	0.04108124

0.009795074
0.07158262	0.0628141
0.04428704

0.1088041


0.04434788	0.07775295
0.09843982

0.08028235
0.1269638	0.04739028
0.09371614
0.06548596	0.03491769




0.0509624

0.03840413	0.03848029

0.06031443



0.06497886


0.09865141	0.06607955

0.04063379
0.04691655	0.01793298
0.04527639


0.03826302
0.1023286
0.03461589	0.05739551	0.05692709
0.05572133
0.03226517


0.02952314
0.05617764



0.03223712



0.09369887	0.0319036

0.08934243	0.03214109

0.04419557	0.07396492	0.07509443
0.04481732

0.03585105
0.05178227	0.05636328

0.0435964

0.02977062	0.1016922
0.03731895

0.02488968
0.07837205


0.05056024


0.03543221	0.08005721
0.04875036	0.07255005
0.05956738
0.05174334
0.04310525
0.06306928

0.0299077




0.04297201





0.04686941	0.0126551	0.03374141
0.06304922	0.05603274
0.0269422	0.04097511

0.03637196	0.03741062
0.0489616



0.03000219
0.04059559	0.05444049

0.04524317
0.06915691	0.02545599


0.0237198


0.08414169
0.02637865


0.0348362

0.07935	0.050177

0.02770497
0.06837505
0.08447883

0.05842465
0.0712541
0.06254481


0.03913751








0.0765889
0.04463617	0.1049587
0.06041185	0.02418174


0.08671945
0.06734212





0.04758919

0.06068223
0.05189434	0.04217742

0.01473816
0.02881025
0.06452579
0.05084412

0.09925655
0.05803574
0.02629271	0.06986751
0.0530629
0.05314213	0.03952286



0.03243522


0.0715644


0.06909061
0.0787599	0.0374185


0.02766313

0.03803898
0.05901586
0.0331819


0.01294565	0.02470723
0.05992131


0.1472637	0.02533358	0.03335573


0.02559112
0.02368646
0.04700123
0.03149972	0.06800667

0.05697482


0.04332557


0.06296971




0.03877113

0.08497657
0.06702929	0.09580408

0.01024417


0.03052547	0.02406385

0.05793563
0.03179831

0.06122573
0.05050139

0.06511417	0.04359437







0.08339613	0.06940586	0.07955556
0.04111469
0.03221844
0.06276836



0.06639771
0.03409046	0.01884131	0.05433332
0.05367484	0.02368731
0.03910768

0.05801416


0.02865813	0.04987448
0.09569746	0.0895586
0.07982595




0.1054456

0.09782493
0.1098285




0.06559689


0.06657313
0.05379132



0.09516317

0.06464714


0.05604534	0.05007559
0.06000768	0.03725504


0.01808728	0.1527753



0.02282116

0.04425806

0.09080476


0.07091291
0.03947344
0.05836347
0.08129588	0.05138776

0.05425454	0.09571795	0.07741219
0.07367241

0.0440637

0.03924446	0.05871775
0.04442051

0.04748334
0.06964263
0.0649962


0.05324358
0.05359112	0.04006232
0.03597076
0.05217578	0.04865687

0.1107622

0.0535928	0.05431078
0.04152334
0.0746807

0.06081351
0.05050846	0.02728819

0.06921943	0.08410619
0.03289381
0.1031554	0.02929732
0.05333035



0.07046265
0.02287633	0.061828
0.06824023	0.02214572
0.05782381
0.01801846


0.06526356	0.02093992





0.02088795
0.07266954


0.05289009
0.05949805	0.06549533	0.04496995
0.0709308	0.07687639	0.03151089
0.05104999
0.05890177	0.09082328

0.03492099




0.0327276





0.07467464

0.03918477








0.01658508	0.06626917
0.08040019

0.05964125
0.03114767
0.09831611

0.04145245

0.03448348


0.02988224

0.03411496
0.05800918

0.03443214	0.07351917

0.02701756
0.02150667

0.03902976



0.0470255
0.05971903
0.02918098
0.08573386

0.07151667



0.007623062	0.0396757

0.07558211


0.03353443
0.0274826

0.0529398


0.09394418

0.04292758





0.02264289	0.03588845	0.0501038
0.04165022
0.04202989

0.03660856
0.07000985



0.05991949
0.05120296	0.06291681

0.03696157




0.02803128
0.03911935

0.08686658
0.04133047
0.06780903

0.04326378
0.05913983	0.06207282




0.08778622

0.02533685
0.06775196	0.05973543	0.08394745





0.05778833




0.1053948
0.05715002
0.03697899	0.08486394
0.05868405
0.04849659	0.06624971
0.02681617


0.06518531
0.03529121
0.05064868


0.04487147
0.0482645

0.04632719

0.05313882
0.03476675
0.06043585
0.05677308



0.07730074
0.09223273	0.03406367	0.04487296	0.05934669

0.08690425

0.04027683	0.0215599	0.07994139



0.07512661

0.03000975	0.07785668
0.03345868


0.03983249


0.07427109


0.06227464
0.0407117
0.04022504
0.07640492	0.04005496
0.04922774	0.02817581
0.06907863	0.04766746
0.01771972


0.06395448
0.0732095
0.05276101


0.04936642

